[25, 23, 18, 16, 15, 14, 8, 5, 2, 1, 0]
0 layer
0 0 3  0.25[0, 2, 3][0.023687305472385692, 0.014569091949248103, 0.022477064777176859]True
0 1 3  0.25[0, 2, 3][0.028285643050755191, 0.0023784667868076213, 0.028711440977178319]True
0 2 2  0.33[2, 3][0.14183763008391115, 0.077558750855585015]False
0 3 2  0.33[2, 3][0.096394193217184648, 0.077558750855585015]False
0 4 2  0.33[2, 3][0.12655195217649079, 0.077558750855585015]False
0 5 2  0.33[0, 3][0.096297490006573533, -0.18365287422327004]True
0 6 2  0.33[2, 2][0.064699239016644358, 0.077558750855585015]False
0 7 3  0.25[0, 2, 3][0.028285643050755191, 0.0023784667868076213, -0.014108986596670831]True
0 8 4  0.2[0, 1, 2, 3][0.012840449619606625, 0.023939148613420905, 0.0039048481265317471, 0.012104166200027539]True
0 9 2  0.33[0, 3][0.096297490006573533, -0.18365287422327004]False
0 10 3  0.25[0, 3, 3][0.028285643050755191, 0.0023784667868076213, 0.028711440977178319]True
0 11 4  0.2[2, 1, 2, 3][0.012840449619606625, 0.023939148613420905, 0.0039048481265317471, 0.012104166200027539]True
0 12 2  0.33[3, 2][0.062967727787746314, 0.029688103880340606]True
0 13 2  0.33[0, 3][0.066758168387124076, -0.066529884426057631]False
0 14 4  0.2[0, 1, 2, 3][0.017765765137872071, 0.0063409301875684632, 0.0069849076020509961, 0.094161914296556265]True
layer end











1 layer
1 0 2  0.33[14, 15][0.2222222222222222, 0.2222222222222222]True
1 1 2  0.33[1, 11][0.6666666666666666, 0.6666666666666666]True
1 2 3  0.25[0, 12, 13][0.125, 0.125, 0.125]True
1 3 2  0.33[2, 5][0.2222222222222222, 0.2222222222222222]True
1 4 3  0.2[3, 5, 15][0.06666666666666667, 0.13333333333333333, 0.06666666666666667]True
1 5 3  0.2[4, 5, 6][0.06666666666666667, 0.13333333333333333, 0.06666666666666667]True
1 6 2  0.33[7, 8][0.6666666666666666, 0.6666666666666666]True
1 7 3  0.25[0, 12, 13][0.125, 0.125, 0.125]True
1 8 2  0.33[2, 9][0.2222222222222222, 0.2222222222222222]True
1 9 3  0.2[3, 9, 15][0.06666666666666667, 0.13333333333333333, 0.06666666666666667]True
1 10 2  0.33[10, 11][0.6666666666666666, 0.6666666666666666]True
1 11 3  0.25[0, 12, 13][0.125, 0.125, 0.125]True
1 12 2  0.33[14, 15][0.2222222222222222, 0.2222222222222222]True
layer end
2 layer
2 0 1  0.33[0][1.3333333333333333]True
2 1 2  0.33[1, 2][0.6666666666666666, 0.6666666666666666]True
2 2 2  0.33[3, 4][0.6666666666666666, 0.6666666666666666]True
2 3 2  0.33[6, 7][0.6666666666666666, 0.6666666666666666]True
2 4 1  0.5[5][1.0]True
2 5 2  0.33[10, 11][0.6666666666666666, 0.6666666666666666]True
2 6 2  0.33[8, 9][0.6666666666666666, 0.6666666666666666]True
2 7 1  0.33[12][1.3333333333333333]True
layer end
3 layer
3 0 3  0.25[1, 3, 5][0.125, 0.125, 0.125]True
3 1 3  0.25[2, 4, 6][0.125, 0.125, 0.125]True
3 2 2  0.33[0, 7][0.6666666666666666, 0.6666666666666666]True
layer end
