Center: [5.0584590958124345, 3.3218965180017763, 5.3874283013816004, 0.13402229775752145] Range: 6.8871830568
Center: [6.302859645063487, 4.127232719436045, 2.0112710447791984, 1.3710696680899936] Range: 6.92340557603
Center: [6.581696870319384, 3.0876577465787345, 5.086229673446465, 1.225107451239027] Range: 5.62480328987


2 Feeds
128 [138, 150, 140]

Neural Network
Layer 0
PC 0: 3  0.25[1, 2, 3][0.040716493516234145, 0.0086081221045057211, 0.05424169745280271]True
PC 1: 2  0.33[0, 2][0.055332838330328413, 0.0061315576179362431]False
PC 2: 2  0.33[0, 2][0.057641722989710695, 0.0089098146002553093]True
PC 3: 3  0.25[0, 1, 3][-0.084111187714402791, 0.45875346648028353, -0.68352926054304441]True
PC 4: 4  0.2[0, 1, 2, 3][-0.13131705615168837, -0.383596346474183, 0.3368095957729681, 0.2990186533470432]False

Layer 1
PC 0: 1  0.5[0][1.0]True
PC 1: 2  0.33[1, 3][0.2222222222222222, 0.2222222222222222]True
PC 2: 2  0.33[2, 4][0.2222222222222222, 0.2222222222222222]True

Sights
Center: [5.0584590958124345, 3.3218965180017763, 5.3874283013816004, 0.13402229775752145] Range: 6.8871830568
Center: [6.302859645063487, 4.127232719436045, 2.0112710447791984, 1.3710696680899936] Range: 6.92340557603
Center: [6.581696870319384, 3.0876577465787345, 5.086229673446465, 1.225107451239027] Range: 5.62480328987


-1Feeds
128 [138, 150, 140]

Neural Network
Layer 0
PC 0: 3  0.25[1, 2, 3][0.040716493516234145, 0.0086081221045057211, 0.05424169745280271]True
PC 1: 2  0.33[0, 2][0.055332838330328413, 0.0061315576179362431]False
PC 2: 2  0.33[0, 2][0.057641722989710695, 0.0089098146002553093]True
PC 3: 3  0.25[0, 1, 3][-0.084111187714402791, 0.45875346648028353, -0.68352926054304441]True
PC 4: 4  0.2[0, 1, 2, 3][-0.13131705615168837, -0.383596346474183, 0.3368095957729681, 0.2990186533470432]False

Layer 1
PC 0: 1  0.5[0][1.0]True
PC 1: 2  0.33[1, 3][0.2222222222222222, 0.2222222222222222]True
PC 2: 2  0.33[2, 4][0.2222222222222222, 0.2222222222222222]True

Sights
Center: [5.0584590958124345, 3.3218965180017763, 5.3874283013816004, 0.13402229775752145] Range: 6.8871830568
Center: [6.302859645063487, 4.127232719436045, 2.0112710447791984, 1.3710696680899936] Range: 6.92340557603
Center: [6.581696870319384, 3.0876577465787345, 5.086229673446465, 1.225107451239027] Range: 5.62480328987


Feeds
128 [138, 150, 140]

Neural Network
Layer 0
PC 0: 3  0.25[1, 2, 3][0.040716493516234145, 0.0086081221045057211, 0.05424169745280271]True
PC 1: 2  0.33[0, 2][0.055332838330328413, 0.0061315576179362431]False
PC 2: 2  0.33[0, 2][0.057641722989710695, 0.0089098146002553093]True
PC 3: 3  0.25[0, 1, 3][-0.084111187714402791, 0.45875346648028353, -0.68352926054304441]True
PC 4: 4  0.2[0, 1, 2, 3][-0.13131705615168837, -0.383596346474183, 0.3368095957729681, 0.2990186533470432]False

Layer 1
PC 0: 1  0.5[0][1.0]True
PC 1: 2  0.33[1, 3][0.2222222222222222, 0.2222222222222222]True
PC 2: 2  0.33[2, 4][0.2222222222222222, 0.2222222222222222]True

Sights
Center: [5.0584590958124345, 3.3218965180017763, 5.3874283013816004, 0.13402229775752145] Range: 6.8871830568
Center: [6.302859645063487, 4.127232719436045, 2.0112710447791984, 1.3710696680899936] Range: 6.92340557603
Center: [6.581696870319384, 3.0876577465787345, 5.086229673446465, 1.225107451239027] Range: 5.62480328987


150
	 Total           0.85333 0.52879
	 Iris-virginica  0.97333 0.76901
	 Iris-setosa     1.00000 0.89182
	 Iris-versicolor 0.93333 0.70217

10 Pool size: 1014

[138, 149, 69]
1 0 356 [138, 149, 69]
1 1 307 [138, 100, 69]
1 2 269 [138, 50, 81]
1 3 257 [138, 50, 69]
1 4 227 [88, 45, 94]
[138, 150, 140]
2 0 428 [138, 150, 140]
2 1 428 [138, 150, 140]
2 2 428 [138, 150, 140]
2 3 428 [138, 150, 140]
2 4 428 [138, 150, 140]
[130, 150, 140]
3 0 420 [130, 150, 140]
3 1 417 [125, 150, 142]
3 2 415 [138, 149, 128]
3 3 415 [125, 150, 140]
3 4 415 [125, 150, 140]
-1 Feeds
128 [138, 150, 140]

Neural Network
Layer 0
PC 0: 3  0.25[1, 2, 3][0.040716493516234145, 0.0086081221045057211, 0.05424169745280271]True
PC 1: 2  0.33[0, 2][0.055332838330328413, 0.0061315576179362431]False
PC 2: 2  0.33[0, 2][0.057641722989710695, 0.0089098146002553093]True
PC 3: 3  0.25[0, 1, 3][-0.084111187714402791, 0.45875346648028353, -0.68352926054304441]True
PC 4: 4  0.2[0, 1, 2, 3][-0.13131705615168837, -0.383596346474183, 0.3368095957729681, 0.2990186533470432]False

Layer 1
PC 0: 1  0.5[0][1.0]True
PC 1: 2  0.33[1, 3][0.2222222222222222, 0.2222222222222222]True
PC 2: 2  0.33[2, 4][0.2222222222222222, 0.2222222222222222]True

Sights
Center: [5.0584590958124345, 3.3218965180017763, 5.3874283013816004, 0.13402229775752145] Range: 6.8871830568
Center: [6.302859645063487, 4.127232719436045, 2.0112710447791984, 1.3710696680899936] Range: 6.92340557603
Center: [6.581696870319384, 3.0876577465787345, 5.086229673446465, 1.225107451239027] Range: 5.62480328987


0 Feeds
99 [146, 150, 100]

Neural Network
Layer 0
PC 0: 3  0.25[1, 2, 3][0.19989267662739732, 0.028425792348463437, -0.16500517904337472]False
PC 1: 4  0.2[0, 1, 2, 3][-0.13131705615168837, -0.383596346474183, 0.3368095957729681, 0.65182876770786069]True
PC 2: 4  0.2[2, 1, 2, 3][0.040303253542373019, -0.025958872276006986, -0.0004308175130230874, 0.049514625912951242]True
PC 3: 3  0.25[0, 1, 3][-0.084111187714402791, 0.45635857197200957, -0.68352926054304441]True

Layer 1
PC 0: 1  0.5[2][1.0]True
PC 1: 1  0.5[3][1.0]True
PC 2: 2  0.33[0, 1][0.2222222222222222, 0.2222222222222222]True

Sights
Center: [7.302591555663841, 2.5861568306004394, 4.711822865911056, 1.382964335704154] Range: 6.22292674047
Center: [6.702295600560566, 3.155904095739403, 3.500985357644842, 0.6032221144675766] Range: 4.24979940886
Center: [5.426516111871496, 4.094234147261002, 2.055083422901834, 1.60227522644635] Range: 6.48413913888


1 Feeds
128 [138, 150, 140]

Neural Network
Layer 0
PC 0: 3  0.25[1, 2, 3][0.040716493516234145, 0.0086081221045057211, 0.05424169745280271]True
PC 1: 2  0.33[0, 2][0.055332838330328413, 0.0061315576179362431]False
PC 2: 2  0.33[0, 2][0.057641722989710695, 0.0089098146002553093]True
PC 3: 3  0.25[0, 1, 3][-0.084111187714402791, 0.45875346648028353, -0.68352926054304441]True
PC 4: 4  0.2[0, 1, 2, 3][-0.13131705615168837, -0.383596346474183, 0.3368095957729681, 0.2990186533470432]False

Layer 1
PC 0: 1  0.5[0][1.0]True
PC 1: 2  0.33[1, 3][0.2222222222222222, 0.2222222222222222]True
PC 2: 2  0.33[2, 4][0.2222222222222222, 0.2222222222222222]True

Sights
Center: [5.0584590958124345, 3.3218965180017763, 5.3874283013816004, 0.13402229775752145] Range: 6.8871830568
Center: [6.302859645063487, 4.127232719436045, 2.0112710447791984, 1.3710696680899936] Range: 6.92340557603
Center: [6.581696870319384, 3.0876577465787345, 5.086229673446465, 1.225107451239027] Range: 5.62480328987


2 Feeds
49 [50, 137, 142]

Neural Network
Layer 0
PC 0: 4  0.2[0, 1, 2, 3][0.024336272847720056, -0.001259352135772728, 0.0050799660233683368, 0.026076134314075204]True
PC 1: 2  0.33[0, 2][0.057641722989710695, 0.0089098146002553093]True
PC 2: 3  0.25[0, 1, 3][-0.084111187714402791, 0.45635857197200957, -0.68352926054304441]True
PC 3: 4  0.2[0, 1, 2, 3][-0.13131705615168837, -0.383596346474183, 0.3368095957729681, 0.2990186533470432]False
PC 4: 3  0.25[1, 2, 1][0.19989267662739732, 0.028425792348463437, -0.16500517904337472]False
PC 5: 4  0.2[0, 1, 2, 3][-0.13131705615168837, -0.383596346474183, 0.3368095957729681, 0.66043395529205018]True
PC 6: 4  0.2[0, 1, 2, 3][0.040303253542373019, -0.025958872276006986, -0.0004308175130230874, 0.049514625912951242]True
PC 7: 2  0.33[0, 2][0.055332838330328413, 0.0061315576179362431]False
PC 8: 2  0.33[0, 2][0.057641722989710695, -0.0042489015554759103]True
PC 9: 3  0.25[0, 2, 3][0.1182959248483087, 0.45635857197200957, -0.68352926054304441]True
PC 10: 4  0.2[0, 1, 2, 3][-0.13131705615168837, -0.383596346474183, 0.3368095957729681, 0.4719991310002738]False
PC 11: 4  0.2[0, 1, 2, 3][0.024336272847720056, -0.001259352135772728, 0.0050799660233683368, 0.026076134314075204]False

Layer 1
PC 0: 2  0.33[1, 3][0.2222222222222222, 0.2222222222222222]True
PC 1: 1  0.5[6][1.0]True
PC 2: 1  0.5[2][1.0]True
PC 3: 2  0.33[4, 5][0.2222222222222222, 0.2222222222222222]True
PC 4: 1  0.5[11][1.0]True
PC 5: 2  0.33[7, 9][0.2222222222222222, 0.2222222222222222]True
PC 6: 2  0.33[8, 10][0.2222222222222222, 0.2222222222222222]True

Layer 2
PC 0: 2  0.25[1, 4][1.0, 0.5]True
PC 1: 2  0.25[2, 5][1.0, 0.5]True
PC 2: 3  0.25[0, 3, 6][0.125, 0.125, 0.125]True

Sights
Center: [6.235238919936089, 2.4227270918885555, 6.647354154829297, 1.21429920233838] Range: 8.23750270441
Center: [5.8772089087520545, 3.300583657022428, 4.292404221899577, 2.0978113074273415] Range: 9.06419986285
Center: [7.4827432710616835, 4.088506383931529, 3.603437709067285, 1.5331275336053864] Range: 7.46155185091


-1Feeds
130 [146, 150, 132]

Neural Network
Layer 0
PC 0: 4  0.2[2, 1, 2, 3][0.040303253542373019, -0.025958872276006986, -0.0004308175130230874, 0.049514625912951242]True
PC 1: 3  0.25[0, 1, 3][-0.084111187714402791, 0.45635857197200957, -0.68352926054304441]True
PC 2: 2  0.33[0, 2][0.057641722989710695, 0.0089098146002553093]True
PC 3: 4  0.2[0, 1, 2, 3][-0.13131705615168837, -0.383596346474183, 0.3368095957729681, 0.2990186533470432]False

Layer 1
PC 0: 1  0.5[0][1.0]True
PC 1: 1  0.5[1][1.0]True
PC 2: 2  0.33[2, 3][0.2222222222222222, 0.2222222222222222]True

Sights
Center: [6.673731447409837, 3.606355611898642, 4.489261272631053, 0.39623265021626997] Range: 5.2654432551
Center: [4.397047995479282, 3.600544088376786, 5.260378804264934, 0.4785105166217902] Range: 4.73023784258
Center: [5.8473414730547, 2.720901646294108, 2.902791968245203, 0.7610821832247998] Range: 3.74821988812


Feeds
128 [138, 150, 140]

Neural Network
Layer 0
PC 0: 3  0.25[1, 2, 3][0.040716493516234145, 0.0086081221045057211, 0.05424169745280271]True
PC 1: 2  0.33[0, 2][0.055332838330328413, 0.0061315576179362431]False
PC 2: 2  0.33[0, 2][0.057641722989710695, 0.0089098146002553093]True
PC 3: 3  0.25[0, 1, 3][-0.084111187714402791, 0.45875346648028353, -0.68352926054304441]True
PC 4: 4  0.2[0, 1, 2, 3][-0.13131705615168837, -0.383596346474183, 0.3368095957729681, 0.2990186533470432]False

Layer 1
PC 0: 1  0.5[0][1.0]True
PC 1: 2  0.33[1, 3][0.2222222222222222, 0.2222222222222222]True
PC 2: 2  0.33[2, 4][0.2222222222222222, 0.2222222222222222]True

Sights
Center: [5.0584590958124345, 3.3218965180017763, 5.3874283013816004, 0.13402229775752145] Range: 6.8871830568
Center: [6.302859645063487, 4.127232719436045, 2.0112710447791984, 1.3710696680899936] Range: 6.92340557603
Center: [6.581696870319384, 3.0876577465787345, 5.086229673446465, 1.225107451239027] Range: 5.62480328987


150
	 Total           0.86667 0.55281
	 Iris-virginica  0.97333 0.77671
	 Iris-setosa     1.00000 0.87335
	 Iris-versicolor 0.94667 0.74710

11 Pool size: 1036

[119, 70, 42]
1 0 231 [119, 70, 42]
1 1 224 [93, 93, 38]
1 2 158 [68, 49, 41]
1 3 153 [74, 57, 22]
1 4 152 [48, 50, 54]
[146, 150, 140]
2 0 436 [146, 150, 140]
2 1 428 [138, 150, 140]
2 2 428 [138, 150, 140]
2 3 428 [138, 150, 140]
2 4 428 [138, 150, 140]
[146, 150, 142]
3 0 438 [146, 150, 142]
3 1 432 [142, 150, 140]
3 2 420 [130, 150, 140]
3 3 420 [130, 150, 140]
3 4 420 [130, 150, 140]
-1 Feeds
140 [146, 150, 142]

Neural Network
Layer 0
PC 0: 3  0.25[1, 2, 1][0.19989267662739732, 0.028425792348463437, -0.16500517904337472]False
PC 1: 4  0.2[0, 1, 2, 3][-0.13131705615168837, -0.383596346474183, 0.3368095957729681, 0.66043395529205018]True
PC 2: 2  0.33[0, 2][0.057641722989710695, -0.0042489015554759103]True
PC 3: 4  0.2[0, 1, 2, 3][-0.13131705615168837, -0.383596346474183, 0.3368095957729681, 0.4719991310002738]False
PC 4: 2  0.33[0, 2][0.055332838330328413, 0.0061315576179362431]False
PC 5: 3  0.25[0, 1, 3][-0.084111187714402791, 0.45635857197200957, -0.68352926054304441]True
PC 6: 2  0.33[0, 2][0.057641722989710695, 0.0089098146002553093]True
PC 7: 3  0.25[0, 1, 3][-0.059758973172431229, 0.45635857197200957, -0.68352926054304441]True
PC 8: 4  0.2[0, 1, 2, 3][-0.13131705615168837, -0.383596346474183, 0.3368095957729681, 0.2990186533470432]False
PC 9: 4  0.2[2, 1, 2, 3][0.040303253542373019, -0.025958872276006986, -0.0004308175130230874, 0.049514625912951242]True

Layer 1
PC 0: 2  0.33[0, 1][0.2222222222222222, 0.2222222222222222]True
PC 1: 2  0.33[2, 3][0.2222222222222222, 0.2222222222222222]True
PC 2: 2  0.33[4, 5][0.2222222222222222, 0.2222222222222222]True
PC 3: 2  0.33[4, 7][0.2222222222222222, 0.2222222222222222]True
PC 4: 2  0.33[6, 8][0.2222222222222222, 0.2222222222222222]True
PC 5: 1  0.5[9][1.0]True

Layer 2
PC 0: 1  0.5[5][1.0]True
PC 1: 2  0.33[2, 3][0.6666666666666666, 0.6666666666666666]True
PC 2: 3  0.25[0, 1, 4][0.125, 0.125, 0.125]True

Sights
Center: [5.008446596989734, 4.116336629651294, 3.976462892642658, 0.11825992794914537] Range: 6.51701488288
Center: [7.714652542548559, 3.699844031704618, 3.9997591771400747, 2.152685730409574] Range: 7.55776523786
Center: [5.200344240686952, 3.1329391387405554, 2.0671770229610242, 0.6895816825124834] Range: 7.29174706164


0 Feeds
130 [146, 150, 132]

Neural Network
Layer 0
PC 0: 4  0.2[2, 1, 2, 3][0.040303253542373019, -0.025958872276006986, -0.0004308175130230874, 0.049514625912951242]True
PC 1: 3  0.25[0, 1, 3][-0.084111187714402791, 0.45635857197200957, -0.68352926054304441]True
PC 2: 2  0.33[0, 2][0.057641722989710695, 0.0089098146002553093]True
PC 3: 4  0.2[0, 1, 2, 3][-0.13131705615168837, -0.383596346474183, 0.3368095957729681, 0.2990186533470432]False

Layer 1
PC 0: 1  0.5[0][1.0]True
PC 1: 1  0.5[1][1.0]True
PC 2: 2  0.33[2, 3][0.2222222222222222, 0.2222222222222222]True

Sights
Center: [6.673731447409837, 3.606355611898642, 4.489261272631053, 0.39623265021626997] Range: 5.2654432551
Center: [4.397047995479282, 3.600544088376786, 5.260378804264934, 0.4785105166217902] Range: 4.73023784258
Center: [5.8473414730547, 2.720901646294108, 2.902791968245203, 0.7610821832247998] Range: 3.74821988812


1 Feeds
128 [138, 150, 140]

Neural Network
Layer 0
PC 0: 3  0.25[1, 2, 3][0.040716493516234145, 0.0086081221045057211, 0.05424169745280271]True
PC 1: 2  0.33[0, 2][0.055332838330328413, 0.0061315576179362431]False
PC 2: 2  0.33[0, 2][0.057641722989710695, 0.0089098146002553093]True
PC 3: 3  0.25[0, 1, 3][-0.084111187714402791, 0.45875346648028353, -0.68352926054304441]True
PC 4: 4  0.2[0, 1, 2, 3][-0.13131705615168837, -0.383596346474183, 0.3368095957729681, 0.2990186533470432]False

Layer 1
PC 0: 1  0.5[0][1.0]True
PC 1: 2  0.33[1, 3][0.2222222222222222, 0.2222222222222222]True
PC 2: 2  0.33[2, 4][0.2222222222222222, 0.2222222222222222]True

Sights
Center: [5.0584590958124345, 3.3218965180017763, 5.3874283013816004, 0.13402229775752145] Range: 6.8871830568
Center: [6.302859645063487, 4.127232719436045, 2.0112710447791984, 1.3710696680899936] Range: 6.92340557603
Center: [6.581696870319384, 3.0876577465787345, 5.086229673446465, 1.225107451239027] Range: 5.62480328987


2 Feeds
120 [125, 150, 142]

Neural Network
Layer 0
PC 0: 3  0.25[1, 2, 1][0.19989267662739732, 0.028425792348463437, -0.16500517904337472]False
PC 1: 4  0.2[0, 1, 2, 3][-0.13131705615168837, -0.383596346474183, 0.3368095957729681, 0.66043395529205018]True
PC 2: 2  0.33[0, 2][0.057641722989710695, -0.0042489015554759103]True
PC 3: 4  0.2[0, 1, 2, 3][-0.13131705615168837, -0.383596346474183, 0.3368095957729681, 0.4719991310002738]False
PC 4: 2  0.33[0, 2][0.055332838330328413, 0.0061315576179362431]False
PC 5: 3  0.25[0, 1, 3][-0.084111187714402791, 0.45635857197200957, -0.68352926054304441]True
PC 6: 4  0.2[0, 1, 2, 3][0.024336272847720056, -0.001259352135772728, 0.0050799660233683368, 0.026076134314075204]True
PC 7: 2  0.33[0, 2][0.057641722989710695, 0.0089098146002553093]True
PC 8: 4  0.2[0, 1, 2, 3][0.040303253542373019, -0.025958872276006986, -0.0004308175130230874, 0.049514625912951242]True
PC 9: 3  0.25[0, 1, 3][-0.059758973172431229, 0.45635857197200957, -0.68352926054304441]True
PC 10: 4  0.2[0, 1, 2, 3][-0.13131705615168837, -0.383596346474183, 0.3368095957729681, 0.2990186533470432]False

Layer 1
PC 0: 2  0.33[0, 1][0.2222222222222222, 0.2222222222222222]True
PC 1: 2  0.33[2, 3][0.2222222222222222, 0.2222222222222222]True
PC 2: 1  0.5[6][1.0]True
PC 3: 2  0.33[4, 5][0.2222222222222222, 0.2222222222222222]True
PC 4: 2  0.33[4, 9][0.2222222222222222, 0.2222222222222222]True
PC 5: 2  0.33[7, 10][0.2222222222222222, 0.2222222222222222]True

Layer 2
PC 0: 1  0.33[2][0.6666666666666666]True
PC 1: 2  0.33[3, 4][0.6666666666666666, 0.6666666666666666]True
PC 2: 3  0.25[0, 1, 5][0.125, 0.125, 0.125]True

Sights
Center: [5.174901277116865, 2.686853825410198, 6.236064642148471, 0.4734362507098794] Range: 7.33405965308
Center: [7.038694261093621, 2.637109477194906, 2.9318188236239893, 1.9321841455766642] Range: 7.05582775151
Center: [7.385926106464827, 2.486016504670838, 5.5872770712715, 1.191714118542798] Range: 8.02614752022


-1Feeds
140 [146, 150, 142]

Neural Network
Layer 0
PC 0: 3  0.25[1, 2, 1][0.19989267662739732, 0.028425792348463437, -0.16500517904337472]False
PC 1: 4  0.2[0, 1, 2, 3][-0.13131705615168837, -0.383596346474183, 0.3368095957729681, 0.66043395529205018]True
PC 2: 2  0.33[0, 2][0.057641722989710695, -0.0042489015554759103]True
PC 3: 4  0.2[0, 1, 2, 3][-0.13131705615168837, -0.383596346474183, 0.3368095957729681, 0.4719991310002738]False
PC 4: 2  0.33[0, 2][0.055332838330328413, 0.0061315576179362431]False
PC 5: 3  0.25[0, 1, 3][-0.084111187714402791, 0.45635857197200957, -0.68352926054304441]True
PC 6: 2  0.33[0, 2][0.057641722989710695, 0.0089098146002553093]True
PC 7: 3  0.25[0, 1, 3][-0.059758973172431229, 0.45635857197200957, -0.68352926054304441]True
PC 8: 4  0.2[0, 1, 2, 3][-0.13131705615168837, -0.383596346474183, 0.3368095957729681, 0.2990186533470432]False
PC 9: 4  0.2[2, 1, 2, 3][0.040303253542373019, -0.025958872276006986, -0.0004308175130230874, 0.049514625912951242]True

Layer 1
PC 0: 2  0.33[0, 1][0.2222222222222222, 0.2222222222222222]True
PC 1: 2  0.33[2, 3][0.2222222222222222, 0.2222222222222222]True
PC 2: 2  0.33[4, 5][0.2222222222222222, 0.2222222222222222]True
PC 3: 2  0.33[4, 7][0.2222222222222222, 0.2222222222222222]True
PC 4: 2  0.33[6, 8][0.2222222222222222, 0.2222222222222222]True
PC 5: 1  0.5[9][1.0]True

Layer 2
PC 0: 1  0.5[5][1.0]True
PC 1: 2  0.33[2, 3][0.6666666666666666, 0.6666666666666666]True
PC 2: 3  0.25[0, 1, 4][0.125, 0.125, 0.125]True

Sights
Center: [5.008446596989734, 4.116336629651294, 3.976462892642658, 0.11825992794914537] Range: 6.51701488288
Center: [7.714652542548559, 3.699844031704618, 3.9997591771400747, 2.152685730409574] Range: 7.55776523786
Center: [5.200344240686952, 3.1329391387405554, 2.0671770229610242, 0.6895816825124834] Range: 7.29174706164


Feeds
140 [146, 150, 142]

Neural Network
Layer 0
PC 0: 3  0.25[1, 2, 1][0.19989267662739732, 0.028425792348463437, -0.16500517904337472]False
PC 1: 4  0.2[0, 1, 2, 3][-0.13131705615168837, -0.383596346474183, 0.3368095957729681, 0.66043395529205018]True
PC 2: 2  0.33[0, 2][0.057641722989710695, -0.0042489015554759103]True
PC 3: 4  0.2[0, 1, 2, 3][-0.13131705615168837, -0.383596346474183, 0.3368095957729681, 0.4719991310002738]False
PC 4: 2  0.33[0, 2][0.055332838330328413, 0.0061315576179362431]False
PC 5: 3  0.25[0, 1, 3][-0.084111187714402791, 0.45635857197200957, -0.68352926054304441]True
PC 6: 2  0.33[0, 2][0.057641722989710695, 0.0089098146002553093]True
PC 7: 3  0.25[0, 1, 3][-0.059758973172431229, 0.45635857197200957, -0.68352926054304441]True
PC 8: 4  0.2[0, 1, 2, 3][-0.13131705615168837, -0.383596346474183, 0.3368095957729681, 0.2990186533470432]False
PC 9: 4  0.2[2, 1, 2, 3][0.040303253542373019, -0.025958872276006986, -0.0004308175130230874, 0.049514625912951242]True

Layer 1
PC 0: 2  0.33[0, 1][0.2222222222222222, 0.2222222222222222]True
PC 1: 2  0.33[2, 3][0.2222222222222222, 0.2222222222222222]True
PC 2: 2  0.33[4, 5][0.2222222222222222, 0.2222222222222222]True
PC 3: 2  0.33[4, 7][0.2222222222222222, 0.2222222222222222]True
PC 4: 2  0.33[6, 8][0.2222222222222222, 0.2222222222222222]True
PC 5: 1  0.5[9][1.0]True

Layer 2
PC 0: 1  0.5[5][1.0]True
PC 1: 2  0.33[2, 3][0.6666666666666666, 0.6666666666666666]True
PC 2: 3  0.25[0, 1, 4][0.125, 0.125, 0.125]True

Sights
Center: [5.008446596989734, 4.116336629651294, 3.976462892642658, 0.11825992794914537] Range: 6.51701488288
Center: [7.714652542548559, 3.699844031704618, 3.9997591771400747, 2.152685730409574] Range: 7.55776523786
Center: [5.200344240686952, 3.1329391387405554, 2.0671770229610242, 0.6895816825124834] Range: 7.29174706164


150
	 Total           0.93333 0.58883
	 Iris-virginica  0.97333 0.79235
	 Iris-setosa     1.00000 0.89243
	 Iris-versicolor 0.94667 0.77360

12 Pool size: 993

[116, 33, 46]
1 0 195 [116, 33, 46]
1 1 174 [71, 78, 25]
1 2 145 [95, 50, 0]
1 3 143 [19, 124, 0]
1 4 141 [21, 75, 45]
[146, 150, 140]
2 0 436 [146, 150, 140]
2 1 436 [146, 150, 140]
2 2 436 [146, 150, 140]
2 3 436 [146, 150, 140]
2 4 434 [144, 150, 140]
[146, 150, 142]
3 0 438 [146, 150, 142]
3 1 438 [146, 150, 142]
3 2 438 [146, 150, 142]
3 3 438 [146, 150, 142]
3 4 438 [146, 150, 142]
-1 Feeds
140 [146, 150, 142]

Neural Network
Layer 0
PC 0: 3  0.25[1, 2, 1][0.19989267662739732, 0.028425792348463437, -0.16500517904337472]False
PC 1: 4  0.2[0, 1, 2, 3][-0.13131705615168837, -0.383596346474183, 0.3368095957729681, 0.66043395529205018]True
PC 2: 2  0.33[0, 2][0.057641722989710695, -0.0042489015554759103]True
PC 3: 4  0.2[0, 1, 2, 3][-0.13131705615168837, -0.383596346474183, 0.3368095957729681, 0.4719991310002738]False
PC 4: 2  0.33[0, 2][0.055332838330328413, 0.0061315576179362431]False
PC 5: 3  0.25[0, 1, 3][-0.084111187714402791, 0.45635857197200957, -0.68352926054304441]True
PC 6: 2  0.33[0, 2][0.057641722989710695, 0.0089098146002553093]True
PC 7: 3  0.25[0, 1, 3][-0.059758973172431229, 0.45635857197200957, -0.68352926054304441]True
PC 8: 4  0.2[0, 1, 2, 3][-0.13131705615168837, -0.383596346474183, 0.3368095957729681, 0.2990186533470432]False
PC 9: 4  0.2[2, 1, 2, 3][0.040303253542373019, -0.025958872276006986, -0.0004308175130230874, 0.049514625912951242]True

Layer 1
PC 0: 2  0.33[0, 1][0.2222222222222222, 0.2222222222222222]True
PC 1: 2  0.33[2, 3][0.2222222222222222, 0.2222222222222222]True
PC 2: 2  0.33[4, 5][0.2222222222222222, 0.2222222222222222]True
PC 3: 2  0.33[4, 7][0.2222222222222222, 0.2222222222222222]True
PC 4: 2  0.33[6, 8][0.2222222222222222, 0.2222222222222222]True
PC 5: 1  0.5[9][1.0]True

Layer 2
PC 0: 1  0.5[5][1.0]True
PC 1: 2  0.33[2, 3][0.6666666666666666, 0.6666666666666666]True
PC 2: 3  0.25[0, 1, 4][0.125, 0.125, 0.125]True

Sights
Center: [5.008446596989734, 4.116336629651294, 3.976462892642658, 0.11825992794914537] Range: 6.51701488288
Center: [7.714652542548559, 3.699844031704618, 3.9997591771400747, 2.152685730409574] Range: 7.55776523786
Center: [5.200344240686952, 3.1329391387405554, 2.0671770229610242, 0.6895816825124834] Range: 7.29174706164


0 Feeds
140 [146, 150, 142]

Neural Network
Layer 0
PC 0: 3  0.25[1, 2, 1][0.19989267662739732, 0.028425792348463437, -0.16500517904337472]False
PC 1: 4  0.2[0, 1, 2, 3][-0.13131705615168837, -0.383596346474183, 0.3368095957729681, 0.66043395529205018]True
PC 2: 2  0.33[0, 2][0.057641722989710695, -0.0042489015554759103]True
PC 3: 4  0.2[0, 1, 2, 3][-0.13131705615168837, -0.383596346474183, 0.3368095957729681, 0.4719991310002738]False
PC 4: 2  0.33[0, 2][0.055332838330328413, 0.0061315576179362431]False
PC 5: 3  0.25[0, 1, 3][-0.084111187714402791, 0.45635857197200957, -0.68352926054304441]True
PC 6: 2  0.33[0, 2][0.057641722989710695, 0.0089098146002553093]True
PC 7: 3  0.25[0, 1, 3][-0.059758973172431229, 0.45635857197200957, -0.68352926054304441]True
PC 8: 4  0.2[0, 1, 2, 3][-0.13131705615168837, -0.383596346474183, 0.3368095957729681, 0.2990186533470432]False
PC 9: 4  0.2[2, 1, 2, 3][0.040303253542373019, -0.025958872276006986, -0.0004308175130230874, 0.049514625912951242]True

Layer 1
PC 0: 2  0.33[0, 1][0.2222222222222222, 0.2222222222222222]True
PC 1: 2  0.33[2, 3][0.2222222222222222, 0.2222222222222222]True
PC 2: 2  0.33[4, 5][0.2222222222222222, 0.2222222222222222]True
PC 3: 2  0.33[4, 7][0.2222222222222222, 0.2222222222222222]True
PC 4: 2  0.33[6, 8][0.2222222222222222, 0.2222222222222222]True
PC 5: 1  0.5[9][1.0]True

Layer 2
PC 0: 1  0.5[5][1.0]True
PC 1: 2  0.33[2, 3][0.6666666666666666, 0.6666666666666666]True
PC 2: 3  0.25[0, 1, 4][0.125, 0.125, 0.125]True

Sights
Center: [5.008446596989734, 4.116336629651294, 3.976462892642658, 0.11825992794914537] Range: 6.51701488288
Center: [7.714652542548559, 3.699844031704618, 3.9997591771400747, 2.152685730409574] Range: 7.55776523786
Center: [5.200344240686952, 3.1329391387405554, 2.0671770229610242, 0.6895816825124834] Range: 7.29174706164


1 Feeds
140 [146, 150, 142]

Neural Network
Layer 0
PC 0: 3  0.25[1, 2, 1][0.19989267662739732, 0.028425792348463437, -0.16500517904337472]False
PC 1: 4  0.2[0, 1, 2, 3][-0.13131705615168837, -0.383596346474183, 0.3368095957729681, 0.66043395529205018]True
PC 2: 2  0.33[0, 2][0.057641722989710695, -0.0042489015554759103]True
PC 3: 4  0.2[0, 1, 2, 3][-0.13131705615168837, -0.383596346474183, 0.3368095957729681, 0.4719991310002738]False
PC 4: 2  0.33[0, 2][0.055332838330328413, 0.0061315576179362431]False
PC 5: 3  0.25[0, 1, 3][-0.084111187714402791, 0.45635857197200957, -0.68352926054304441]True
PC 6: 2  0.33[0, 2][0.057641722989710695, 0.0089098146002553093]True
PC 7: 3  0.25[0, 1, 3][-0.059758973172431229, 0.45635857197200957, -0.68352926054304441]True
PC 8: 4  0.2[0, 1, 2, 3][-0.13131705615168837, -0.383596346474183, 0.3368095957729681, 0.2990186533470432]False
PC 9: 4  0.2[2, 1, 2, 3][0.040303253542373019, -0.025958872276006986, -0.0004308175130230874, 0.049514625912951242]True

Layer 1
PC 0: 2  0.33[0, 1][0.2222222222222222, 0.2222222222222222]True
PC 1: 2  0.33[2, 3][0.2222222222222222, 0.2222222222222222]True
PC 2: 2  0.33[4, 5][0.2222222222222222, 0.2222222222222222]True
PC 3: 2  0.33[4, 7][0.2222222222222222, 0.2222222222222222]True
PC 4: 2  0.33[6, 8][0.2222222222222222, 0.2222222222222222]True
PC 5: 1  0.5[9][1.0]True

Layer 2
PC 0: 1  0.5[5][1.0]True
PC 1: 2  0.33[2, 3][0.6666666666666666, 0.6666666666666666]True
PC 2: 3  0.25[0, 1, 4][0.125, 0.125, 0.125]True

Sights
Center: [5.008446596989734, 4.116336629651294, 3.976462892642658, 0.11825992794914537] Range: 6.51701488288
Center: [7.714652542548559, 3.699844031704618, 3.9997591771400747, 2.152685730409574] Range: 7.55776523786
Center: [5.200344240686952, 3.1329391387405554, 2.0671770229610242, 0.6895816825124834] Range: 7.29174706164


2 Feeds
140 [146, 150, 142]

Neural Network
Layer 0
PC 0: 3  0.25[1, 2, 1][0.19989267662739732, 0.028425792348463437, -0.16500517904337472]False
PC 1: 4  0.2[0, 1, 2, 3][-0.13131705615168837, -0.383596346474183, 0.3368095957729681, 0.66043395529205018]True
PC 2: 2  0.33[0, 2][0.057641722989710695, -0.0042489015554759103]True
PC 3: 4  0.2[0, 1, 2, 3][-0.13131705615168837, -0.383596346474183, 0.3368095957729681, 0.4719991310002738]False
PC 4: 2  0.33[0, 2][0.055332838330328413, 0.0061315576179362431]False
PC 5: 3  0.25[0, 1, 3][-0.084111187714402791, 0.45635857197200957, -0.68352926054304441]True
PC 6: 2  0.33[0, 2][0.057641722989710695, 0.0089098146002553093]True
PC 7: 3  0.25[0, 1, 3][-0.059758973172431229, 0.45635857197200957, -0.68352926054304441]True
PC 8: 4  0.2[0, 1, 2, 3][-0.13131705615168837, -0.383596346474183, 0.3368095957729681, 0.2990186533470432]False
PC 9: 4  0.2[2, 1, 2, 3][0.040303253542373019, -0.025958872276006986, -0.0004308175130230874, 0.049514625912951242]True

Layer 1
PC 0: 2  0.33[0, 1][0.2222222222222222, 0.2222222222222222]True
PC 1: 2  0.33[2, 3][0.2222222222222222, 0.2222222222222222]True
PC 2: 2  0.33[4, 5][0.2222222222222222, 0.2222222222222222]True
PC 3: 2  0.33[4, 7][0.2222222222222222, 0.2222222222222222]True
PC 4: 2  0.33[6, 8][0.2222222222222222, 0.2222222222222222]True
PC 5: 1  0.5[9][1.0]True

Layer 2
PC 0: 1  0.5[5][1.0]True
PC 1: 2  0.33[2, 3][0.6666666666666666, 0.6666666666666666]True
PC 2: 3  0.25[0, 1, 4][0.125, 0.125, 0.125]True

Sights
Center: [5.008446596989734, 4.116336629651294, 3.976462892642658, 0.11825992794914537] Range: 6.51701488288
Center: [7.714652542548559, 3.699844031704618, 3.9997591771400747, 2.152685730409574] Range: 7.55776523786
Center: [5.200344240686952, 3.1329391387405554, 2.0671770229610242, 0.6895816825124834] Range: 7.29174706164


-1Feeds
140 [146, 150, 142]

Neural Network
Layer 0
PC 0: 3  0.25[1, 2, 1][0.19989267662739732, 0.028425792348463437, -0.16500517904337472]False
PC 1: 4  0.2[0, 1, 2, 3][-0.13131705615168837, -0.383596346474183, 0.3368095957729681, 0.66043395529205018]True
PC 2: 2  0.33[0, 2][0.057641722989710695, -0.0042489015554759103]True
PC 3: 4  0.2[0, 1, 2, 3][-0.13131705615168837, -0.383596346474183, 0.3368095957729681, 0.4719991310002738]False
PC 4: 2  0.33[0, 2][0.055332838330328413, 0.0061315576179362431]False
PC 5: 3  0.25[0, 1, 3][-0.084111187714402791, 0.45635857197200957, -0.68352926054304441]True
PC 6: 2  0.33[0, 2][0.057641722989710695, 0.0089098146002553093]True
PC 7: 3  0.25[0, 1, 3][-0.059758973172431229, 0.45635857197200957, -0.68352926054304441]True
PC 8: 4  0.2[0, 1, 2, 3][-0.13131705615168837, -0.383596346474183, 0.3368095957729681, 0.2990186533470432]False
PC 9: 4  0.2[2, 1, 2, 3][0.040303253542373019, -0.025958872276006986, -0.0004308175130230874, 0.049514625912951242]True

Layer 1
PC 0: 2  0.33[0, 1][0.2222222222222222, 0.2222222222222222]True
PC 1: 2  0.33[2, 3][0.2222222222222222, 0.2222222222222222]True
PC 2: 2  0.33[4, 5][0.2222222222222222, 0.2222222222222222]True
PC 3: 2  0.33[4, 7][0.2222222222222222, 0.2222222222222222]True
PC 4: 2  0.33[6, 8][0.2222222222222222, 0.2222222222222222]True
PC 5: 1  0.5[9][1.0]True

Layer 2
PC 0: 1  0.5[5][1.0]True
PC 1: 2  0.33[2, 3][0.6666666666666666, 0.6666666666666666]True
PC 2: 3  0.25[0, 1, 4][0.125, 0.125, 0.125]True

Sights
Center: [5.008446596989734, 4.116336629651294, 3.976462892642658, 0.11825992794914537] Range: 6.51701488288
Center: [7.714652542548559, 3.699844031704618, 3.9997591771400747, 2.152685730409574] Range: 7.55776523786
Center: [5.200344240686952, 3.1329391387405554, 2.0671770229610242, 0.6895816825124834] Range: 7.29174706164


Feeds
140 [146, 150, 142]

Neural Network
Layer 0
PC 0: 3  0.25[1, 2, 1][0.19989267662739732, 0.028425792348463437, -0.16500517904337472]False
PC 1: 4  0.2[0, 1, 2, 3][-0.13131705615168837, -0.383596346474183, 0.3368095957729681, 0.66043395529205018]True
PC 2: 2  0.33[0, 2][0.057641722989710695, -0.0042489015554759103]True
PC 3: 4  0.2[0, 1, 2, 3][-0.13131705615168837, -0.383596346474183, 0.3368095957729681, 0.4719991310002738]False
PC 4: 2  0.33[0, 2][0.055332838330328413, 0.0061315576179362431]False
PC 5: 3  0.25[0, 1, 3][-0.084111187714402791, 0.45635857197200957, -0.68352926054304441]True
PC 6: 2  0.33[0, 2][0.057641722989710695, 0.0089098146002553093]True
PC 7: 3  0.25[0, 1, 3][-0.059758973172431229, 0.45635857197200957, -0.68352926054304441]True
PC 8: 4  0.2[0, 1, 2, 3][-0.13131705615168837, -0.383596346474183, 0.3368095957729681, 0.2990186533470432]False
PC 9: 4  0.2[2, 1, 2, 3][0.040303253542373019, -0.025958872276006986, -0.0004308175130230874, 0.049514625912951242]True

Layer 1
PC 0: 2  0.33[0, 1][0.2222222222222222, 0.2222222222222222]True
PC 1: 2  0.33[2, 3][0.2222222222222222, 0.2222222222222222]True
PC 2: 2  0.33[4, 5][0.2222222222222222, 0.2222222222222222]True
PC 3: 2  0.33[4, 7][0.2222222222222222, 0.2222222222222222]True
PC 4: 2  0.33[6, 8][0.2222222222222222, 0.2222222222222222]True
PC 5: 1  0.5[9][1.0]True

Layer 2
PC 0: 1  0.5[5][1.0]True
PC 1: 2  0.33[2, 3][0.6666666666666666, 0.6666666666666666]True
PC 2: 3  0.25[0, 1, 4][0.125, 0.125, 0.125]True

Sights
Center: [5.008446596989734, 4.116336629651294, 3.976462892642658, 0.11825992794914537] Range: 6.51701488288
Center: [7.714652542548559, 3.699844031704618, 3.9997591771400747, 2.152685730409574] Range: 7.55776523786
Center: [5.200344240686952, 3.1329391387405554, 2.0671770229610242, 0.6895816825124834] Range: 7.29174706164


150
	 Total           0.93333 0.61004
	 Iris-virginica  0.97333 0.82581
	 Iris-setosa     1.00000 0.88457
	 Iris-versicolor 0.94667 0.77069

13 Pool size: 981

[73, 85, 74]
1 0 232 [73, 85, 74]
1 1 175 [0, 76, 99]
1 2 172 [30, 90, 52]
1 3 166 [25, 91, 50]
1 4 164 [35, 70, 59]
[146, 150, 140]
2 0 436 [146, 150, 140]
2 1 436 [146, 150, 140]
2 2 436 [146, 150, 140]
2 3 436 [146, 150, 140]
2 4 436 [146, 150, 140]
[146, 150, 142]
3 0 438 [146, 150, 142]
3 1 438 [146, 150, 142]
3 2 438 [146, 150, 142]
3 3 438 [146, 150, 142]
3 4 438 [146, 150, 142]
[142, 150, 142]
4 0 434 [142, 150, 142]
-1 Feeds
140 [146, 150, 142]

Neural Network
Layer 0
PC 0: 3  0.25[1, 2, 1][0.19989267662739732, 0.028425792348463437, -0.16500517904337472]False
PC 1: 4  0.2[0, 1, 2, 3][-0.13131705615168837, -0.383596346474183, 0.3368095957729681, 0.66043395529205018]True
PC 2: 2  0.33[0, 2][0.057641722989710695, -0.0042489015554759103]True
PC 3: 4  0.2[0, 1, 2, 3][-0.13131705615168837, -0.383596346474183, 0.3368095957729681, 0.4719991310002738]False
PC 4: 2  0.33[0, 2][0.055332838330328413, 0.0061315576179362431]False
PC 5: 3  0.25[0, 1, 3][-0.084111187714402791, 0.45635857197200957, -0.68352926054304441]True
PC 6: 2  0.33[0, 2][0.057641722989710695, 0.0089098146002553093]True
PC 7: 3  0.25[0, 1, 3][-0.059758973172431229, 0.45635857197200957, -0.68352926054304441]True
PC 8: 4  0.2[0, 1, 2, 3][-0.13131705615168837, -0.383596346474183, 0.3368095957729681, 0.2990186533470432]False
PC 9: 4  0.2[2, 1, 2, 3][0.040303253542373019, -0.025958872276006986, -0.0004308175130230874, 0.049514625912951242]True

Layer 1
PC 0: 2  0.33[0, 1][0.2222222222222222, 0.2222222222222222]True
PC 1: 2  0.33[2, 3][0.2222222222222222, 0.2222222222222222]True
PC 2: 2  0.33[4, 5][0.2222222222222222, 0.2222222222222222]True
PC 3: 2  0.33[4, 7][0.2222222222222222, 0.2222222222222222]True
PC 4: 2  0.33[6, 8][0.2222222222222222, 0.2222222222222222]True
PC 5: 1  0.5[9][1.0]True

Layer 2
PC 0: 1  0.5[5][1.0]True
PC 1: 2  0.33[2, 3][0.6666666666666666, 0.6666666666666666]True
PC 2: 3  0.25[0, 1, 4][0.125, 0.125, 0.125]True

Sights
Center: [5.008446596989734, 4.116336629651294, 3.976462892642658, 0.11825992794914537] Range: 6.51701488288
Center: [7.714652542548559, 3.699844031704618, 3.9997591771400747, 2.152685730409574] Range: 7.55776523786
Center: [5.200344240686952, 3.1329391387405554, 2.0671770229610242, 0.6895816825124834] Range: 7.29174706164


0 Feeds
140 [146, 150, 142]

Neural Network
Layer 0
PC 0: 3  0.25[1, 2, 1][0.19989267662739732, 0.028425792348463437, -0.16500517904337472]False
PC 1: 4  0.2[0, 1, 2, 3][-0.13131705615168837, -0.383596346474183, 0.3368095957729681, 0.66043395529205018]True
PC 2: 2  0.33[0, 2][0.057641722989710695, -0.0042489015554759103]True
PC 3: 4  0.2[0, 1, 2, 3][-0.13131705615168837, -0.383596346474183, 0.3368095957729681, 0.4719991310002738]False
PC 4: 2  0.33[0, 2][0.055332838330328413, 0.0061315576179362431]False
PC 5: 3  0.25[0, 1, 3][-0.084111187714402791, 0.45635857197200957, -0.68352926054304441]True
PC 6: 2  0.33[0, 2][0.057641722989710695, 0.0089098146002553093]True
PC 7: 3  0.25[0, 1, 3][-0.059758973172431229, 0.45635857197200957, -0.68352926054304441]True
PC 8: 4  0.2[0, 1, 2, 3][-0.13131705615168837, -0.383596346474183, 0.3368095957729681, 0.2990186533470432]False
PC 9: 4  0.2[2, 1, 2, 3][0.040303253542373019, -0.025958872276006986, -0.0004308175130230874, 0.049514625912951242]True

Layer 1
PC 0: 2  0.33[0, 1][0.2222222222222222, 0.2222222222222222]True
PC 1: 2  0.33[2, 3][0.2222222222222222, 0.2222222222222222]True
PC 2: 2  0.33[4, 5][0.2222222222222222, 0.2222222222222222]True
PC 3: 2  0.33[4, 7][0.2222222222222222, 0.2222222222222222]True
PC 4: 2  0.33[6, 8][0.2222222222222222, 0.2222222222222222]True
PC 5: 1  0.5[9][1.0]True

Layer 2
PC 0: 1  0.5[5][1.0]True
PC 1: 2  0.33[2, 3][0.6666666666666666, 0.6666666666666666]True
PC 2: 3  0.25[0, 1, 4][0.125, 0.125, 0.125]True

Sights
Center: [5.008446596989734, 4.116336629651294, 3.976462892642658, 0.11825992794914537] Range: 6.51701488288
Center: [7.714652542548559, 3.699844031704618, 3.9997591771400747, 2.152685730409574] Range: 7.55776523786
Center: [5.200344240686952, 3.1329391387405554, 2.0671770229610242, 0.6895816825124834] Range: 7.29174706164


1 Feeds
140 [146, 150, 142]

Neural Network
Layer 0
PC 0: 3  0.25[1, 2, 1][0.19989267662739732, 0.028425792348463437, -0.16500517904337472]False
PC 1: 4  0.2[0, 1, 2, 3][-0.13131705615168837, -0.383596346474183, 0.3368095957729681, 0.66043395529205018]True
PC 2: 2  0.33[0, 2][0.057641722989710695, -0.0042489015554759103]True
PC 3: 4  0.2[0, 1, 2, 3][-0.13131705615168837, -0.383596346474183, 0.3368095957729681, 0.4719991310002738]False
PC 4: 2  0.33[0, 2][0.055332838330328413, 0.0061315576179362431]False
PC 5: 3  0.25[0, 1, 3][-0.084111187714402791, 0.45635857197200957, -0.68352926054304441]True
PC 6: 2  0.33[0, 2][0.057641722989710695, 0.0089098146002553093]True
PC 7: 3  0.25[0, 1, 3][-0.059758973172431229, 0.45635857197200957, -0.68352926054304441]True
PC 8: 4  0.2[0, 1, 2, 3][-0.13131705615168837, -0.383596346474183, 0.3368095957729681, 0.2990186533470432]False
PC 9: 4  0.2[2, 1, 2, 3][0.040303253542373019, -0.025958872276006986, -0.0004308175130230874, 0.049514625912951242]True

Layer 1
PC 0: 2  0.33[0, 1][0.2222222222222222, 0.2222222222222222]True
PC 1: 2  0.33[2, 3][0.2222222222222222, 0.2222222222222222]True
PC 2: 2  0.33[4, 5][0.2222222222222222, 0.2222222222222222]True
PC 3: 2  0.33[4, 7][0.2222222222222222, 0.2222222222222222]True
PC 4: 2  0.33[6, 8][0.2222222222222222, 0.2222222222222222]True
PC 5: 1  0.5[9][1.0]True

Layer 2
PC 0: 1  0.5[5][1.0]True
PC 1: 2  0.33[2, 3][0.6666666666666666, 0.6666666666666666]True
PC 2: 3  0.25[0, 1, 4][0.125, 0.125, 0.125]True

Sights
Center: [5.008446596989734, 4.116336629651294, 3.976462892642658, 0.11825992794914537] Range: 6.51701488288
Center: [7.714652542548559, 3.699844031704618, 3.9997591771400747, 2.152685730409574] Range: 7.55776523786
Center: [5.200344240686952, 3.1329391387405554, 2.0671770229610242, 0.6895816825124834] Range: 7.29174706164


2 Feeds
91 [146, 100, 143]

Neural Network
Layer 0
PC 0: 3  0.25[1, 2, 1][0.19989267662739732, 0.028425792348463437, -0.16500517904337472]False
PC 1: 4  0.2[0, 1, 2, 2][-0.13131705615168837, -0.383596346474183, 0.3368095957729681, 0.66043395529205018]True
PC 2: 2  0.33[0, 2][0.057641722989710695, -0.0042489015554759103]True
PC 3: 4  0.2[0, 1, 2, 3][-0.13131705615168837, -0.383596346474183, 0.3368095957729681, 0.4719991310002738]False
PC 4: 2  0.33[0, 2][0.055332838330328413, 0.0061315576179362431]True
PC 5: 3  0.25[0, 1, 3][-0.084111187714402791, 0.45635857197200957, -0.85346257503694889]True
PC 6: 2  0.33[0, 2][0.057641722989710695, 0.0089098146002553093]True
PC 7: 3  0.25[0, 1, 3][-0.059758973172431229, 0.45635857197200957, -0.68352926054304441]True
PC 8: 4  0.2[0, 1, 2, 3][-0.13131705615168837, -0.383596346474183, 0.3368095957729681, 0.2990186533470432]False
PC 9: 4  0.2[2, 1, 2, 3][0.040303253542373019, -0.025958872276006986, -0.0004308175130230874, 0.049514625912951242]True

Layer 1
PC 0: 2  0.33[0, 1][0.2222222222222222, 0.2222222222222222]True
PC 1: 2  0.33[2, 3][0.2222222222222222, 0.2222222222222222]True
PC 2: 2  0.33[4, 5][0.2222222222222222, 0.2222222222222222]True
PC 3: 2  0.33[4, 7][0.2222222222222222, 0.2222222222222222]True
PC 4: 2  0.33[6, 8][0.2222222222222222, 0.2222222222222222]True
PC 5: 1  0.5[9][1.0]True

Layer 2
PC 0: 1  0.5[5][1.0]True
PC 1: 2  0.33[2, 3][0.6666666666666666, 0.6666666666666666]True
PC 2: 3  0.25[0, 1, 4][0.125, 0.125, 0.125]True

Sights
Center: [5.008446596989734, 4.116336629651294, 3.976462892642658, 0.11825992794914537] Range: 6.51701488288
Center: [7.714652542548559, 3.699844031704618, 3.9997591771400747, 2.152685730409574] Range: 7.55776523786
Center: [5.200344240686952, 3.1329391387405554, 2.0671770229610242, 0.6895816825124834] Range: 7.29174706164


-1Feeds
140 [146, 150, 142]

Neural Network
Layer 0
PC 0: 3  0.25[1, 2, 1][0.19989267662739732, 0.028425792348463437, -0.16500517904337472]False
PC 1: 4  0.2[0, 1, 2, 3][-0.13131705615168837, -0.383596346474183, 0.3368095957729681, 0.66043395529205018]True
PC 2: 2  0.33[0, 2][0.057641722989710695, -0.0042489015554759103]True
PC 3: 4  0.2[0, 1, 2, 3][-0.13131705615168837, -0.383596346474183, 0.3368095957729681, 0.4719991310002738]False
PC 4: 2  0.33[0, 2][0.055332838330328413, 0.0061315576179362431]False
PC 5: 3  0.25[0, 1, 3][-0.084111187714402791, 0.45635857197200957, -0.68352926054304441]True
PC 6: 2  0.33[0, 2][0.057641722989710695, 0.0089098146002553093]True
PC 7: 3  0.25[0, 1, 3][-0.059758973172431229, 0.45635857197200957, -0.68352926054304441]True
PC 8: 4  0.2[0, 1, 2, 3][-0.13131705615168837, -0.383596346474183, 0.3368095957729681, 0.2990186533470432]False
PC 9: 4  0.2[2, 1, 2, 3][0.040303253542373019, -0.025958872276006986, -0.0004308175130230874, 0.049514625912951242]True

Layer 1
PC 0: 2  0.33[0, 1][0.2222222222222222, 0.2222222222222222]True
PC 1: 2  0.33[2, 3][0.2222222222222222, 0.2222222222222222]True
PC 2: 2  0.33[4, 5][0.2222222222222222, 0.2222222222222222]True
PC 3: 2  0.33[4, 7][0.2222222222222222, 0.2222222222222222]True
PC 4: 2  0.33[6, 8][0.2222222222222222, 0.2222222222222222]True
PC 5: 1  0.5[9][1.0]True

Layer 2
PC 0: 1  0.5[5][1.0]True
PC 1: 2  0.33[2, 3][0.6666666666666666, 0.6666666666666666]True
PC 2: 3  0.25[0, 1, 4][0.125, 0.125, 0.125]True

Sights
Center: [5.008446596989734, 4.116336629651294, 3.976462892642658, 0.11825992794914537] Range: 6.51701488288
Center: [7.714652542548559, 3.699844031704618, 3.9997591771400747, 2.152685730409574] Range: 7.55776523786
Center: [5.200344240686952, 3.1329391387405554, 2.0671770229610242, 0.6895816825124834] Range: 7.29174706164


Feeds
140 [146, 150, 142]

Neural Network
Layer 0
PC 0: 3  0.25[1, 2, 1][0.19989267662739732, 0.028425792348463437, -0.16500517904337472]False
PC 1: 4  0.2[0, 1, 2, 3][-0.13131705615168837, -0.383596346474183, 0.3368095957729681, 0.66043395529205018]True
PC 2: 2  0.33[0, 2][0.057641722989710695, -0.0042489015554759103]True
PC 3: 4  0.2[0, 1, 2, 3][-0.13131705615168837, -0.383596346474183, 0.3368095957729681, 0.4719991310002738]False
PC 4: 2  0.33[0, 2][0.055332838330328413, 0.0061315576179362431]False
PC 5: 3  0.25[0, 1, 3][-0.084111187714402791, 0.45635857197200957, -0.68352926054304441]True
PC 6: 2  0.33[0, 2][0.057641722989710695, 0.0089098146002553093]True
PC 7: 3  0.25[0, 1, 3][-0.059758973172431229, 0.45635857197200957, -0.68352926054304441]True
PC 8: 4  0.2[0, 1, 2, 3][-0.13131705615168837, -0.383596346474183, 0.3368095957729681, 0.2990186533470432]False
PC 9: 4  0.2[2, 1, 2, 3][0.040303253542373019, -0.025958872276006986, -0.0004308175130230874, 0.049514625912951242]True

Layer 1
PC 0: 2  0.33[0, 1][0.2222222222222222, 0.2222222222222222]True
PC 1: 2  0.33[2, 3][0.2222222222222222, 0.2222222222222222]True
PC 2: 2  0.33[4, 5][0.2222222222222222, 0.2222222222222222]True
PC 3: 2  0.33[4, 7][0.2222222222222222, 0.2222222222222222]True
PC 4: 2  0.33[6, 8][0.2222222222222222, 0.2222222222222222]True
PC 5: 1  0.5[9][1.0]True

Layer 2
PC 0: 1  0.5[5][1.0]True
PC 1: 2  0.33[2, 3][0.6666666666666666, 0.6666666666666666]True
PC 2: 3  0.25[0, 1, 4][0.125, 0.125, 0.125]True

Sights
Center: [5.008446596989734, 4.116336629651294, 3.976462892642658, 0.11825992794914537] Range: 6.51701488288
Center: [7.714652542548559, 3.699844031704618, 3.9997591771400747, 2.152685730409574] Range: 7.55776523786
Center: [5.200344240686952, 3.1329391387405554, 2.0671770229610242, 0.6895816825124834] Range: 7.29174706164


150
	 Total           0.93333 0.63976
	 Iris-virginica  0.97333 0.85297
	 Iris-setosa     1.00000 0.88736
	 Iris-versicolor 0.95333 0.78459

14 Pool size: 968

[56, 30, 94]
1 0 180 [56, 30, 94]
1 1 174 [22, 91, 61]
1 2 152 [29, 116, 7]
1 3 145 [43, 88, 14]
1 4 139 [57, 18, 64]
[146, 150, 140]
2 0 436 [146, 150, 140]
2 1 436 [146, 150, 140]
2 2 436 [146, 150, 140]
2 3 436 [146, 150, 140]
2 4 436 [146, 150, 140]
[146, 150, 143]
3 0 439 [146, 150, 143]
3 1 438 [146, 150, 142]
3 2 438 [146, 150, 142]
3 3 438 [146, 150, 142]
3 4 438 [146, 150, 142]
[146, 150, 142]
4 0 438 [146, 150, 142]
4 1 434 [142, 150, 142]
4 2 434 [142, 150, 142]
4 3 434 [142, 150, 142]
4 4 434 [142, 150, 142]
-1 Feeds
141 [146, 150, 143]

Neural Network
Layer 0
PC 0: 3  0.25[1, 2, 1][0.19989267662739732, 0.028425792348463437, -0.16500517904337472]False
PC 1: 4  0.2[0, 1, 2, 3][-0.13131705615168837, -0.28298701788932479, 0.3368095957729681, 0.66043395529205018]True
PC 2: 2  0.33[0, 2][0.057641722989710695, -0.0042489015554759103]True
PC 3: 4  0.2[0, 1, 2, 3][-0.13131705615168837, -0.383596346474183, 0.3368095957729681, 0.4719991310002738]False
PC 4: 2  0.33[0, 2][0.055332838330328413, 0.0061315576179362431]False
PC 5: 3  0.25[0, 1, 3][-0.084111187714402791, 0.45635857197200957, -0.68352926054304441]True
PC 6: 2  0.33[0, 2][0.057641722989710695, 0.0089098146002553093]True
PC 7: 3  0.25[0, 1, 3][-0.059758973172431229, 0.45635857197200957, -0.68352926054304441]True
PC 8: 4  0.2[0, 1, 2, 3][-0.13131705615168837, -0.383596346474183, 0.3368095957729681, 0.2990186533470432]False
PC 9: 4  0.2[2, 1, 2, 3][0.040303253542373019, -0.025958872276006986, -0.0004308175130230874, 0.049514625912951242]True

Layer 1
PC 0: 2  0.33[0, 1][0.2222222222222222, 0.2222222222222222]True
PC 1: 2  0.33[2, 3][0.2222222222222222, 0.2222222222222222]True
PC 2: 2  0.33[4, 5][0.2222222222222222, 0.2222222222222222]True
PC 3: 2  0.33[4, 7][0.2222222222222222, 0.2222222222222222]True
PC 4: 2  0.33[6, 8][0.2222222222222222, 0.2222222222222222]True
PC 5: 1  0.5[9][1.0]True

Layer 2
PC 0: 1  0.5[5][1.0]True
PC 1: 2  0.33[2, 3][0.6666666666666666, 0.6666666666666666]True
PC 2: 3  0.25[0, 1, 4][0.125, 0.125, 0.125]True

Sights
Center: [5.008446596989734, 4.116336629651294, 3.976462892642658, 0.11825992794914537] Range: 6.51701488288
Center: [7.714652542548559, 3.699844031704618, 3.9997591771400747, 2.152685730409574] Range: 7.55776523786
Center: [5.200344240686952, 3.1329391387405554, 2.0671770229610242, 0.6895816825124834] Range: 7.29174706164


0 Feeds
140 [146, 150, 142]

Neural Network
Layer 0
PC 0: 3  0.25[1, 2, 1][0.19989267662739732, 0.028425792348463437, -0.16500517904337472]False
PC 1: 4  0.2[0, 1, 2, 3][-0.13131705615168837, -0.383596346474183, 0.3368095957729681, 0.66043395529205018]True
PC 2: 2  0.33[0, 2][0.057641722989710695, -0.0042489015554759103]True
PC 3: 4  0.2[0, 1, 2, 3][-0.13131705615168837, -0.383596346474183, 0.3368095957729681, 0.4719991310002738]False
PC 4: 2  0.33[0, 2][0.055332838330328413, 0.0061315576179362431]False
PC 5: 3  0.25[0, 1, 3][-0.084111187714402791, 0.45635857197200957, -0.68352926054304441]True
PC 6: 2  0.33[0, 2][0.057641722989710695, 0.0089098146002553093]True
PC 7: 3  0.25[0, 1, 3][-0.059758973172431229, 0.45635857197200957, -0.68352926054304441]True
PC 8: 4  0.2[0, 1, 2, 3][-0.13131705615168837, -0.383596346474183, 0.3368095957729681, 0.2990186533470432]False
PC 9: 4  0.2[2, 1, 2, 3][0.040303253542373019, -0.025958872276006986, -0.0004308175130230874, 0.049514625912951242]True

Layer 1
PC 0: 2  0.33[0, 1][0.2222222222222222, 0.2222222222222222]True
PC 1: 2  0.33[2, 3][0.2222222222222222, 0.2222222222222222]True
PC 2: 2  0.33[4, 5][0.2222222222222222, 0.2222222222222222]True
PC 3: 2  0.33[4, 7][0.2222222222222222, 0.2222222222222222]True
PC 4: 2  0.33[6, 8][0.2222222222222222, 0.2222222222222222]True
PC 5: 1  0.5[9][1.0]True

Layer 2
PC 0: 1  0.5[5][1.0]True
PC 1: 2  0.33[2, 3][0.6666666666666666, 0.6666666666666666]True
PC 2: 3  0.25[0, 1, 4][0.125, 0.125, 0.125]True

Sights
Center: [5.008446596989734, 4.116336629651294, 3.976462892642658, 0.11825992794914537] Range: 6.51701488288
Center: [7.714652542548559, 3.699844031704618, 3.9997591771400747, 2.152685730409574] Range: 7.55776523786
Center: [5.200344240686952, 3.1329391387405554, 2.0671770229610242, 0.6895816825124834] Range: 7.29174706164


1 Feeds
140 [146, 150, 142]

Neural Network
Layer 0
PC 0: 3  0.25[1, 2, 1][0.19989267662739732, 0.028425792348463437, -0.16500517904337472]False
PC 1: 4  0.2[0, 1, 2, 3][-0.13131705615168837, -0.383596346474183, 0.3368095957729681, 0.66043395529205018]True
PC 2: 2  0.33[0, 2][0.057641722989710695, -0.0042489015554759103]True
PC 3: 4  0.2[0, 1, 2, 3][-0.13131705615168837, -0.383596346474183, 0.3368095957729681, 0.4719991310002738]False
PC 4: 2  0.33[0, 2][0.055332838330328413, 0.0061315576179362431]False
PC 5: 3  0.25[0, 1, 3][-0.084111187714402791, 0.45635857197200957, -0.68352926054304441]True
PC 6: 2  0.33[0, 2][0.057641722989710695, 0.0089098146002553093]True
PC 7: 3  0.25[0, 1, 3][-0.059758973172431229, 0.45635857197200957, -0.68352926054304441]True
PC 8: 4  0.2[0, 1, 2, 3][-0.13131705615168837, -0.383596346474183, 0.3368095957729681, 0.2990186533470432]False
PC 9: 4  0.2[2, 1, 2, 3][0.040303253542373019, -0.025958872276006986, -0.0004308175130230874, 0.049514625912951242]True

Layer 1
PC 0: 2  0.33[0, 1][0.2222222222222222, 0.2222222222222222]True
PC 1: 2  0.33[2, 3][0.2222222222222222, 0.2222222222222222]True
PC 2: 2  0.33[4, 5][0.2222222222222222, 0.2222222222222222]True
PC 3: 2  0.33[4, 7][0.2222222222222222, 0.2222222222222222]True
PC 4: 2  0.33[6, 8][0.2222222222222222, 0.2222222222222222]True
PC 5: 1  0.5[9][1.0]True

Layer 2
PC 0: 1  0.5[5][1.0]True
PC 1: 2  0.33[2, 3][0.6666666666666666, 0.6666666666666666]True
PC 2: 3  0.25[0, 1, 4][0.125, 0.125, 0.125]True

Sights
Center: [5.008446596989734, 4.116336629651294, 3.976462892642658, 0.11825992794914537] Range: 6.51701488288
Center: [7.714652542548559, 3.699844031704618, 3.9997591771400747, 2.152685730409574] Range: 7.55776523786
Center: [5.200344240686952, 3.1329391387405554, 2.0671770229610242, 0.6895816825124834] Range: 7.29174706164


2 Feeds
91 [146, 100, 143]

Neural Network
Layer 0
PC 0: 3  0.25[1, 2, 1][0.19989267662739732, 0.028425792348463437, -0.16500517904337472]False
PC 1: 4  0.2[0, 1, 2, 2][-0.13131705615168837, -0.383596346474183, 0.3368095957729681, 0.66043395529205018]True
PC 2: 2  0.33[0, 2][0.057641722989710695, -0.0042489015554759103]True
PC 3: 4  0.2[0, 1, 2, 3][-0.13131705615168837, -0.383596346474183, 0.3368095957729681, 0.4719991310002738]False
PC 4: 2  0.33[0, 2][0.055332838330328413, 0.0061315576179362431]True
PC 5: 3  0.25[0, 1, 3][-0.084111187714402791, 0.45635857197200957, -0.85346257503694889]True
PC 6: 2  0.33[0, 2][0.057641722989710695, 0.0089098146002553093]True
PC 7: 3  0.25[0, 1, 3][-0.059758973172431229, 0.45635857197200957, -0.68352926054304441]True
PC 8: 4  0.2[0, 1, 2, 3][-0.13131705615168837, -0.383596346474183, 0.3368095957729681, 0.2990186533470432]False
PC 9: 4  0.2[2, 1, 2, 3][0.040303253542373019, -0.025958872276006986, -0.0004308175130230874, 0.049514625912951242]True

Layer 1
PC 0: 2  0.33[0, 1][0.2222222222222222, 0.2222222222222222]True
PC 1: 2  0.33[2, 3][0.2222222222222222, 0.2222222222222222]True
PC 2: 2  0.33[4, 5][0.2222222222222222, 0.2222222222222222]True
PC 3: 2  0.33[4, 7][0.2222222222222222, 0.2222222222222222]True
PC 4: 2  0.33[6, 8][0.2222222222222222, 0.2222222222222222]True
PC 5: 1  0.5[9][1.0]True

Layer 2
PC 0: 1  0.5[5][1.0]True
PC 1: 2  0.33[2, 3][0.6666666666666666, 0.6666666666666666]True
PC 2: 3  0.25[0, 1, 4][0.125, 0.125, 0.125]True

Sights
Center: [5.008446596989734, 4.116336629651294, 3.976462892642658, 0.11825992794914537] Range: 6.51701488288
Center: [7.714652542548559, 3.699844031704618, 3.9997591771400747, 2.152685730409574] Range: 7.55776523786
Center: [5.200344240686952, 3.1329391387405554, 2.0671770229610242, 0.6895816825124834] Range: 7.29174706164


-1Feeds
141 [146, 150, 143]

Neural Network
Layer 0
PC 0: 3  0.25[1, 2, 1][0.19989267662739732, 0.028425792348463437, -0.16500517904337472]False
PC 1: 4  0.2[0, 1, 2, 3][-0.13131705615168837, -0.28298701788932479, 0.3368095957729681, 0.66043395529205018]True
PC 2: 2  0.33[0, 2][0.057641722989710695, -0.0042489015554759103]True
PC 3: 4  0.2[0, 1, 2, 3][-0.13131705615168837, -0.383596346474183, 0.3368095957729681, 0.4719991310002738]False
PC 4: 2  0.33[0, 2][0.055332838330328413, 0.0061315576179362431]False
PC 5: 3  0.25[0, 1, 3][-0.084111187714402791, 0.45635857197200957, -0.68352926054304441]True
PC 6: 2  0.33[0, 2][0.057641722989710695, 0.0089098146002553093]True
PC 7: 3  0.25[0, 1, 3][-0.059758973172431229, 0.45635857197200957, -0.68352926054304441]True
PC 8: 4  0.2[0, 1, 2, 3][-0.13131705615168837, -0.383596346474183, 0.3368095957729681, 0.2990186533470432]False
PC 9: 4  0.2[2, 1, 2, 3][0.040303253542373019, -0.025958872276006986, -0.0004308175130230874, 0.049514625912951242]True

Layer 1
PC 0: 2  0.33[0, 1][0.2222222222222222, 0.2222222222222222]True
PC 1: 2  0.33[2, 3][0.2222222222222222, 0.2222222222222222]True
PC 2: 2  0.33[4, 5][0.2222222222222222, 0.2222222222222222]True
PC 3: 2  0.33[4, 7][0.2222222222222222, 0.2222222222222222]True
PC 4: 2  0.33[6, 8][0.2222222222222222, 0.2222222222222222]True
PC 5: 1  0.5[9][1.0]True

Layer 2
PC 0: 1  0.5[5][1.0]True
PC 1: 2  0.33[2, 3][0.6666666666666666, 0.6666666666666666]True
PC 2: 3  0.25[0, 1, 4][0.125, 0.125, 0.125]True

Sights
Center: [5.008446596989734, 4.116336629651294, 3.976462892642658, 0.11825992794914537] Range: 6.51701488288
Center: [7.714652542548559, 3.699844031704618, 3.9997591771400747, 2.152685730409574] Range: 7.55776523786
Center: [5.200344240686952, 3.1329391387405554, 2.0671770229610242, 0.6895816825124834] Range: 7.29174706164


Feeds
141 [146, 150, 143]

Neural Network
Layer 0
PC 0: 3  0.25[1, 2, 1][0.19989267662739732, 0.028425792348463437, -0.16500517904337472]False
PC 1: 4  0.2[0, 1, 2, 3][-0.13131705615168837, -0.28298701788932479, 0.3368095957729681, 0.66043395529205018]True
PC 2: 2  0.33[0, 2][0.057641722989710695, -0.0042489015554759103]True
PC 3: 4  0.2[0, 1, 2, 3][-0.13131705615168837, -0.383596346474183, 0.3368095957729681, 0.4719991310002738]False
PC 4: 2  0.33[0, 2][0.055332838330328413, 0.0061315576179362431]False
PC 5: 3  0.25[0, 1, 3][-0.084111187714402791, 0.45635857197200957, -0.68352926054304441]True
PC 6: 2  0.33[0, 2][0.057641722989710695, 0.0089098146002553093]True
PC 7: 3  0.25[0, 1, 3][-0.059758973172431229, 0.45635857197200957, -0.68352926054304441]True
PC 8: 4  0.2[0, 1, 2, 3][-0.13131705615168837, -0.383596346474183, 0.3368095957729681, 0.2990186533470432]False
PC 9: 4  0.2[2, 1, 2, 3][0.040303253542373019, -0.025958872276006986, -0.0004308175130230874, 0.049514625912951242]True

Layer 1
PC 0: 2  0.33[0, 1][0.2222222222222222, 0.2222222222222222]True
PC 1: 2  0.33[2, 3][0.2222222222222222, 0.2222222222222222]True
PC 2: 2  0.33[4, 5][0.2222222222222222, 0.2222222222222222]True
PC 3: 2  0.33[4, 7][0.2222222222222222, 0.2222222222222222]True
PC 4: 2  0.33[6, 8][0.2222222222222222, 0.2222222222222222]True
PC 5: 1  0.5[9][1.0]True

Layer 2
PC 0: 1  0.5[5][1.0]True
PC 1: 2  0.33[2, 3][0.6666666666666666, 0.6666666666666666]True
PC 2: 3  0.25[0, 1, 4][0.125, 0.125, 0.125]True

Sights
Center: [5.008446596989734, 4.116336629651294, 3.976462892642658, 0.11825992794914537] Range: 6.51701488288
Center: [7.714652542548559, 3.699844031704618, 3.9997591771400747, 2.152685730409574] Range: 7.55776523786
Center: [5.200344240686952, 3.1329391387405554, 2.0671770229610242, 0.6895816825124834] Range: 7.29174706164


150
	 Total           0.94000 0.71373
	 Iris-virginica  0.97333 0.87241
	 Iris-setosa     1.00000 0.91590
	 Iris-versicolor 0.95333 0.81831
[[2, 3, 6], [2, 3, 7], [2, 6, 7], [3, 6, 7]] [True, True, True, True]
[[2, 3, 6], [2, 3, 7], [2, 6, 7], [3, 6, 7]] [True, True, True, True]
[[2, 3, 6], [2, 3, 7], [2, 6, 7], [3, 6, 7]] [True, True, True, True]
[[2, 3, 6], [2, 3, 7], [2, 6, 7], [3, 6, 7]] [True, True, True, True]

15 Pool size: 1000

[75, 145, 43]
1 0 263 [75, 145, 43]
1 1 194 [64, 79, 51]
1 2 174 [0, 118, 56]
1 3 172 [51, 69, 52]
1 4 172 [103, 0, 69]
[146, 150, 142]
2 0 438 [146, 150, 142]
2 1 436 [146, 150, 140]
2 2 436 [146, 150, 140]
2 3 436 [146, 150, 140]
2 4 436 [146, 150, 140]
[146, 150, 145]
3 0 441 [146, 150, 145]
3 1 441 [146, 150, 145]
3 2 441 [146, 150, 145]
3 3 439 [146, 150, 143]
3 4 439 [146, 150, 143]
[146, 150, 142]
4 0 438 [146, 150, 142]
4 1 438 [146, 150, 142]
4 2 438 [146, 150, 142]
4 3 438 [146, 150, 142]
4 4 438 [146, 150, 142]
-1 Feeds
143 [146, 150, 145]

Neural Network
Layer 0
PC 0: 3  0.25[1, 2, 1][0.19989267662739732, 0.028425792348463437, -0.16500517904337472]False
PC 1: 4  0.2[0, 1, 2, 3][-0.13131705615168837, -0.383596346474183, 0.3368095957729681, 0.66043395529205018]True
PC 2: 2  0.33[0, 2][0.057641722989710695, -0.0042489015554759103]True
PC 3: 4  0.2[0, 1, 2, 3][-0.13131705615168837, -0.383596346474183, 0.3368095957729681, 0.4719991310002738]False
PC 4: 2  0.33[0, 2][0.055332838330328413, 0.0061315576179362431]False
PC 5: 3  0.25[0, 1, 3][-0.084111187714402791, 0.45635857197200957, -0.85346257503694889]True
PC 6: 2  0.33[0, 2][0.057641722989710695, 0.074910578656419355]True
PC 7: 3  0.25[0, 1, 3][-0.059758973172431229, 0.31435547545490927, -0.68352926054304441]True
PC 8: 4  0.2[0, 1, 2, 3][-0.13131705615168837, -0.383596346474183, 0.3368095957729681, 0.2990186533470432]False
PC 9: 4  0.2[2, 1, 2, 3][0.040303253542373019, -0.025958872276006986, -0.0004308175130230874, 0.049514625912951242]True

Layer 1
PC 0: 2  0.33[0, 1][0.2222222222222222, 0.2222222222222222]True
PC 1: 2  0.33[2, 3][0.2222222222222222, 0.2222222222222222]True
PC 2: 2  0.33[4, 5][0.2222222222222222, 0.2222222222222222]True
PC 3: 2  0.33[4, 7][0.2222222222222222, 0.2222222222222222]True
PC 4: 2  0.33[6, 8][0.2222222222222222, 0.2222222222222222]True
PC 5: 1  0.5[9][1.0]True

Layer 2
PC 0: 1  0.5[5][1.0]True
PC 1: 2  0.33[2, 3][0.6666666666666666, 0.6666666666666666]True
PC 2: 3  0.25[0, 1, 4][0.125, 0.125, 0.125]True

Sights
Center: [5.008446596989734, 4.116336629651294, 3.976462892642658, 0.11825992794914537] Range: 6.51701488288
Center: [7.714652542548559, 3.699844031704618, 3.9997591771400747, 2.152685730409574] Range: 7.55776523786
Center: [5.200344240686952, 3.1329391387405554, 2.0671770229610242, 0.6895816825124834] Range: 7.29174706164


0 Feeds
141 [146, 150, 143]

Neural Network
Layer 0
PC 0: 3  0.25[1, 2, 1][0.19989267662739732, 0.028425792348463437, -0.16500517904337472]False
PC 1: 4  0.2[0, 1, 2, 3][-0.13131705615168837, -0.28298701788932479, 0.3368095957729681, 0.66043395529205018]True
PC 2: 2  0.33[0, 2][0.057641722989710695, -0.0042489015554759103]True
PC 3: 4  0.2[0, 1, 2, 3][-0.13131705615168837, -0.383596346474183, 0.3368095957729681, 0.4719991310002738]False
PC 4: 2  0.33[0, 2][0.055332838330328413, 0.0061315576179362431]False
PC 5: 3  0.25[0, 1, 3][-0.084111187714402791, 0.45635857197200957, -0.68352926054304441]True
PC 6: 2  0.33[0, 2][0.057641722989710695, 0.0089098146002553093]True
PC 7: 3  0.25[0, 1, 3][-0.059758973172431229, 0.45635857197200957, -0.68352926054304441]True
PC 8: 4  0.2[0, 1, 2, 3][-0.13131705615168837, -0.383596346474183, 0.3368095957729681, 0.2990186533470432]False
PC 9: 4  0.2[2, 1, 2, 3][0.040303253542373019, -0.025958872276006986, -0.0004308175130230874, 0.049514625912951242]True

Layer 1
PC 0: 2  0.33[0, 1][0.2222222222222222, 0.2222222222222222]True
PC 1: 2  0.33[2, 3][0.2222222222222222, 0.2222222222222222]True
PC 2: 2  0.33[4, 5][0.2222222222222222, 0.2222222222222222]True
PC 3: 2  0.33[4, 7][0.2222222222222222, 0.2222222222222222]True
PC 4: 2  0.33[6, 8][0.2222222222222222, 0.2222222222222222]True
PC 5: 1  0.5[9][1.0]True

Layer 2
PC 0: 1  0.5[5][1.0]True
PC 1: 2  0.33[2, 3][0.6666666666666666, 0.6666666666666666]True
PC 2: 3  0.25[0, 1, 4][0.125, 0.125, 0.125]True

Sights
Center: [5.008446596989734, 4.116336629651294, 3.976462892642658, 0.11825992794914537] Range: 6.51701488288
Center: [7.714652542548559, 3.699844031704618, 3.9997591771400747, 2.152685730409574] Range: 7.55776523786
Center: [5.200344240686952, 3.1329391387405554, 2.0671770229610242, 0.6895816825124834] Range: 7.29174706164


1 Feeds
141 [146, 150, 143]

Neural Network
Layer 0
PC 0: 3  0.25[1, 2, 1][0.19989267662739732, 0.028425792348463437, -0.16500517904337472]False
PC 1: 4  0.2[0, 1, 2, 3][-0.13131705615168837, -0.28298701788932479, 0.3368095957729681, 0.66043395529205018]True
PC 2: 2  0.33[0, 2][0.057641722989710695, -0.0042489015554759103]True
PC 3: 4  0.2[0, 1, 2, 3][-0.13131705615168837, -0.383596346474183, 0.3368095957729681, 0.4719991310002738]False
PC 4: 2  0.33[0, 2][0.055332838330328413, 0.0061315576179362431]False
PC 5: 3  0.25[0, 1, 3][-0.084111187714402791, 0.45635857197200957, -0.68352926054304441]True
PC 6: 2  0.33[0, 2][0.057641722989710695, 0.0089098146002553093]True
PC 7: 3  0.25[0, 1, 3][-0.059758973172431229, 0.45635857197200957, -0.68352926054304441]True
PC 8: 4  0.2[0, 1, 2, 3][-0.13131705615168837, -0.383596346474183, 0.3368095957729681, 0.2990186533470432]False
PC 9: 4  0.2[2, 1, 2, 3][0.040303253542373019, -0.025958872276006986, -0.0004308175130230874, 0.049514625912951242]True

Layer 1
PC 0: 2  0.33[0, 1][0.2222222222222222, 0.2222222222222222]True
PC 1: 2  0.33[2, 3][0.2222222222222222, 0.2222222222222222]True
PC 2: 2  0.33[4, 5][0.2222222222222222, 0.2222222222222222]True
PC 3: 2  0.33[4, 7][0.2222222222222222, 0.2222222222222222]True
PC 4: 2  0.33[6, 8][0.2222222222222222, 0.2222222222222222]True
PC 5: 1  0.5[9][1.0]True

Layer 2
PC 0: 1  0.5[5][1.0]True
PC 1: 2  0.33[2, 3][0.6666666666666666, 0.6666666666666666]True
PC 2: 3  0.25[0, 1, 4][0.125, 0.125, 0.125]True

Sights
Center: [5.008446596989734, 4.116336629651294, 3.976462892642658, 0.11825992794914537] Range: 6.51701488288
Center: [7.714652542548559, 3.699844031704618, 3.9997591771400747, 2.152685730409574] Range: 7.55776523786
Center: [5.200344240686952, 3.1329391387405554, 2.0671770229610242, 0.6895816825124834] Range: 7.29174706164


2 Feeds
143 [146, 150, 145]

Neural Network
Layer 0
PC 0: 3  0.25[1, 2, 1][0.19989267662739732, 0.028425792348463437, -0.16500517904337472]False
PC 1: 4  0.2[0, 1, 2, 3][-0.13131705615168837, -0.383596346474183, 0.3368095957729681, 0.66043395529205018]True
PC 2: 2  0.33[0, 2][0.057641722989710695, -0.0042489015554759103]True
PC 3: 4  0.2[0, 1, 2, 3][-0.13131705615168837, -0.383596346474183, 0.3368095957729681, 0.4719991310002738]False
PC 4: 2  0.33[0, 2][0.055332838330328413, 0.0061315576179362431]False
PC 5: 3  0.25[0, 1, 3][-0.084111187714402791, 0.45635857197200957, -0.85346257503694889]True
PC 6: 2  0.33[0, 2][0.057641722989710695, 0.074910578656419355]True
PC 7: 3  0.25[0, 1, 3][-0.059758973172431229, 0.31435547545490927, -0.68352926054304441]True
PC 8: 4  0.2[0, 1, 2, 3][-0.13131705615168837, -0.383596346474183, 0.3368095957729681, 0.2990186533470432]False
PC 9: 4  0.2[2, 1, 2, 3][0.040303253542373019, -0.025958872276006986, -0.0004308175130230874, 0.049514625912951242]True

Layer 1
PC 0: 2  0.33[0, 1][0.2222222222222222, 0.2222222222222222]True
PC 1: 2  0.33[2, 3][0.2222222222222222, 0.2222222222222222]True
PC 2: 2  0.33[4, 5][0.2222222222222222, 0.2222222222222222]True
PC 3: 2  0.33[4, 7][0.2222222222222222, 0.2222222222222222]True
PC 4: 2  0.33[6, 8][0.2222222222222222, 0.2222222222222222]True
PC 5: 1  0.5[9][1.0]True

Layer 2
PC 0: 1  0.5[5][1.0]True
PC 1: 2  0.33[2, 3][0.6666666666666666, 0.6666666666666666]True
PC 2: 3  0.25[0, 1, 4][0.125, 0.125, 0.125]True

Sights
Center: [5.008446596989734, 4.116336629651294, 3.976462892642658, 0.11825992794914537] Range: 6.51701488288
Center: [7.714652542548559, 3.699844031704618, 3.9997591771400747, 2.152685730409574] Range: 7.55776523786
Center: [5.200344240686952, 3.1329391387405554, 2.0671770229610242, 0.6895816825124834] Range: 7.29174706164


-1Feeds
143 [146, 150, 145]

Neural Network
Layer 0
PC 0: 3  0.25[1, 2, 1][0.19989267662739732, 0.028425792348463437, -0.16500517904337472]False
PC 1: 4  0.2[0, 1, 2, 3][-0.13131705615168837, -0.383596346474183, 0.3368095957729681, 0.66043395529205018]True
PC 2: 2  0.33[0, 2][0.057641722989710695, -0.0042489015554759103]True
PC 3: 4  0.2[0, 1, 2, 3][-0.13131705615168837, -0.383596346474183, 0.3368095957729681, 0.4719991310002738]False
PC 4: 2  0.33[0, 2][0.055332838330328413, 0.0061315576179362431]False
PC 5: 3  0.25[0, 1, 3][-0.084111187714402791, 0.45635857197200957, -0.85346257503694889]True
PC 6: 2  0.33[0, 2][0.057641722989710695, 0.074910578656419355]True
PC 7: 3  0.25[0, 1, 3][-0.059758973172431229, 0.31435547545490927, -0.68352926054304441]True
PC 8: 4  0.2[0, 1, 2, 3][-0.13131705615168837, -0.383596346474183, 0.3368095957729681, 0.2990186533470432]False
PC 9: 4  0.2[2, 1, 2, 3][0.040303253542373019, -0.025958872276006986, -0.0004308175130230874, 0.049514625912951242]True

Layer 1
PC 0: 2  0.33[0, 1][0.2222222222222222, 0.2222222222222222]True
PC 1: 2  0.33[2, 3][0.2222222222222222, 0.2222222222222222]True
PC 2: 2  0.33[4, 5][0.2222222222222222, 0.2222222222222222]True
PC 3: 2  0.33[4, 7][0.2222222222222222, 0.2222222222222222]True
PC 4: 2  0.33[6, 8][0.2222222222222222, 0.2222222222222222]True
PC 5: 1  0.5[9][1.0]True

Layer 2
PC 0: 1  0.5[5][1.0]True
PC 1: 2  0.33[2, 3][0.6666666666666666, 0.6666666666666666]True
PC 2: 3  0.25[0, 1, 4][0.125, 0.125, 0.125]True

Sights
Center: [5.008446596989734, 4.116336629651294, 3.976462892642658, 0.11825992794914537] Range: 6.51701488288
Center: [7.714652542548559, 3.699844031704618, 3.9997591771400747, 2.152685730409574] Range: 7.55776523786
Center: [5.200344240686952, 3.1329391387405554, 2.0671770229610242, 0.6895816825124834] Range: 7.29174706164


Feeds
143 [146, 150, 145]

Neural Network
Layer 0
PC 0: 3  0.25[1, 2, 1][0.19989267662739732, 0.028425792348463437, -0.16500517904337472]False
PC 1: 4  0.2[0, 1, 2, 3][-0.13131705615168837, -0.383596346474183, 0.3368095957729681, 0.66043395529205018]True
PC 2: 2  0.33[0, 2][0.057641722989710695, -0.0042489015554759103]True
PC 3: 4  0.2[0, 1, 2, 3][-0.13131705615168837, -0.383596346474183, 0.3368095957729681, 0.4719991310002738]False
PC 4: 2  0.33[0, 2][0.055332838330328413, 0.0061315576179362431]False
PC 5: 3  0.25[0, 1, 3][-0.084111187714402791, 0.45635857197200957, -0.85346257503694889]True
PC 6: 2  0.33[0, 2][0.057641722989710695, 0.074910578656419355]True
PC 7: 3  0.25[0, 1, 3][-0.059758973172431229, 0.31435547545490927, -0.68352926054304441]True
PC 8: 4  0.2[0, 1, 2, 3][-0.13131705615168837, -0.383596346474183, 0.3368095957729681, 0.2990186533470432]False
PC 9: 4  0.2[2, 1, 2, 3][0.040303253542373019, -0.025958872276006986, -0.0004308175130230874, 0.049514625912951242]True

Layer 1
PC 0: 2  0.33[0, 1][0.2222222222222222, 0.2222222222222222]True
PC 1: 2  0.33[2, 3][0.2222222222222222, 0.2222222222222222]True
PC 2: 2  0.33[4, 5][0.2222222222222222, 0.2222222222222222]True
PC 3: 2  0.33[4, 7][0.2222222222222222, 0.2222222222222222]True
PC 4: 2  0.33[6, 8][0.2222222222222222, 0.2222222222222222]True
PC 5: 1  0.5[9][1.0]True

Layer 2
PC 0: 1  0.5[5][1.0]True
PC 1: 2  0.33[2, 3][0.6666666666666666, 0.6666666666666666]True
PC 2: 3  0.25[0, 1, 4][0.125, 0.125, 0.125]True

Sights
Center: [5.008446596989734, 4.116336629651294, 3.976462892642658, 0.11825992794914537] Range: 6.51701488288
Center: [7.714652542548559, 3.699844031704618, 3.9997591771400747, 2.152685730409574] Range: 7.55776523786
Center: [5.200344240686952, 3.1329391387405554, 2.0671770229610242, 0.6895816825124834] Range: 7.29174706164


150
	 Total           0.95333 0.79049
	 Iris-virginica  0.97333 0.89868
	 Iris-setosa     1.00000 0.94073
	 Iris-versicolor 0.96667 0.86612
[[2, 3, 8], [2, 3, 9], [2, 8, 9], [3, 8, 9]] [True, True, True, True]
[[2, 3, 8], [2, 3, 9], [2, 8, 9], [3, 8, 9]] [True, True, True, True]
[[2, 3, 8], [2, 3, 9], [2, 8, 9], [3, 8, 9]] [True, True, True, True]
[[2, 3, 8], [2, 3, 9], [2, 8, 9], [3, 8, 9]] [True, True, True, True]
[[2, 3, 8], [2, 3, 9], [2, 8, 9], [3, 8, 9]] [True, True, True, True]
[[2, 3, 8], [2, 3, 9], [2, 8, 9], [3, 8, 9]] [True, True, True, True]
[[2, 3, 8], [2, 3, 9], [2, 8, 9], [3, 8, 9]] [True, True, True, True]
[[2, 3, 8], [2, 3, 9], [2, 8, 9], [3, 8, 9]] [True, True, True, True]
[[2, 3, 8], [2, 3, 9], [2, 8, 9], [3, 8, 9]] [True, True, True, True]
[[2, 3, 8], [2, 3, 9], [2, 8, 9], [3, 8, 9]] [True, True, True, True]
[[2, 3, 8], [2, 3, 9], [2, 8, 9], [3, 8, 9]] [True, True, True, True]
[[2, 3, 8], [2, 3, 9], [2, 8, 9], [3, 8, 9]] [True, True, True, True]

16 Pool size: 1004

[84, 100, 75]
1 0 259 [84, 100, 75]
1 1 220 [90, 86, 44]
1 2 199 [63, 90, 46]
1 3 166 [86, 35, 45]
1 4 165 [94, 17, 54]
[146, 150, 145]
3 0 441 [146, 150, 145]
3 1 441 [146, 150, 145]
3 2 441 [146, 150, 145]
3 3 441 [146, 150, 145]
3 4 441 [146, 150, 145]
[146, 150, 142]
4 0 438 [146, 150, 142]
4 1 438 [146, 150, 142]
4 2 438 [146, 150, 142]
4 3 438 [146, 150, 142]
4 4 438 [146, 150, 142]
-1 Feeds
143 [146, 150, 145]

Neural Network
Layer 0
PC 0: 3  0.25[1, 2, 1][0.19989267662739732, 0.028425792348463437, -0.16500517904337472]False
PC 1: 4  0.2[0, 1, 2, 3][-0.13131705615168837, -0.383596346474183, 0.3368095957729681, 0.66043395529205018]True
PC 2: 2  0.33[0, 2][0.057641722989710695, -0.0042489015554759103]True
PC 3: 4  0.2[0, 1, 2, 3][-0.13131705615168837, -0.383596346474183, 0.3368095957729681, 0.4719991310002738]False
PC 4: 2  0.33[0, 2][0.055332838330328413, 0.0061315576179362431]False
PC 5: 3  0.25[0, 1, 3][-0.084111187714402791, 0.45635857197200957, -0.85346257503694889]True
PC 6: 2  0.33[0, 2][0.057641722989710695, 0.074910578656419355]True
PC 7: 3  0.25[0, 1, 3][-0.059758973172431229, 0.31435547545490927, -0.68352926054304441]True
PC 8: 4  0.2[0, 1, 2, 3][-0.13131705615168837, -0.383596346474183, 0.3368095957729681, 0.2990186533470432]False
PC 9: 4  0.2[2, 1, 2, 3][0.040303253542373019, -0.025958872276006986, -0.0004308175130230874, 0.049514625912951242]True

Layer 1
PC 0: 2  0.33[0, 1][0.2222222222222222, 0.2222222222222222]True
PC 1: 2  0.33[2, 3][0.2222222222222222, 0.2222222222222222]True
PC 2: 2  0.33[4, 5][0.2222222222222222, 0.2222222222222222]True
PC 3: 2  0.33[4, 7][0.2222222222222222, 0.2222222222222222]True
PC 4: 2  0.33[6, 8][0.2222222222222222, 0.2222222222222222]True
PC 5: 1  0.5[9][1.0]True

Layer 2
PC 0: 1  0.5[5][1.0]True
PC 1: 2  0.33[2, 3][0.6666666666666666, 0.6666666666666666]True
PC 2: 3  0.25[0, 1, 4][0.125, 0.125, 0.125]True

Sights
Center: [5.008446596989734, 4.116336629651294, 3.976462892642658, 0.11825992794914537] Range: 6.51701488288
Center: [7.714652542548559, 3.699844031704618, 3.9997591771400747, 2.152685730409574] Range: 7.55776523786
Center: [5.200344240686952, 3.1329391387405554, 2.0671770229610242, 0.6895816825124834] Range: 7.29174706164


0 Feeds
143 [146, 150, 145]

Neural Network
Layer 0
PC 0: 3  0.25[1, 2, 1][0.19989267662739732, 0.028425792348463437, -0.16500517904337472]False
PC 1: 4  0.2[0, 1, 2, 3][-0.13131705615168837, -0.383596346474183, 0.3368095957729681, 0.66043395529205018]True
PC 2: 2  0.33[0, 2][0.057641722989710695, -0.0042489015554759103]True
PC 3: 4  0.2[0, 1, 2, 3][-0.13131705615168837, -0.383596346474183, 0.3368095957729681, 0.4719991310002738]False
PC 4: 2  0.33[0, 2][0.055332838330328413, 0.0061315576179362431]False
PC 5: 3  0.25[0, 1, 3][-0.084111187714402791, 0.45635857197200957, -0.85346257503694889]True
PC 6: 2  0.33[0, 2][0.057641722989710695, 0.074910578656419355]True
PC 7: 3  0.25[0, 1, 3][-0.059758973172431229, 0.31435547545490927, -0.68352926054304441]True
PC 8: 4  0.2[0, 1, 2, 3][-0.13131705615168837, -0.383596346474183, 0.3368095957729681, 0.2990186533470432]False
PC 9: 4  0.2[2, 1, 2, 3][0.040303253542373019, -0.025958872276006986, -0.0004308175130230874, 0.049514625912951242]True

Layer 1
PC 0: 2  0.33[0, 1][0.2222222222222222, 0.2222222222222222]True
PC 1: 2  0.33[2, 3][0.2222222222222222, 0.2222222222222222]True
PC 2: 2  0.33[4, 5][0.2222222222222222, 0.2222222222222222]True
PC 3: 2  0.33[4, 7][0.2222222222222222, 0.2222222222222222]True
PC 4: 2  0.33[6, 8][0.2222222222222222, 0.2222222222222222]True
PC 5: 1  0.5[9][1.0]True

Layer 2
PC 0: 1  0.5[5][1.0]True
PC 1: 2  0.33[2, 3][0.6666666666666666, 0.6666666666666666]True
PC 2: 3  0.25[0, 1, 4][0.125, 0.125, 0.125]True

Sights
Center: [5.008446596989734, 4.116336629651294, 3.976462892642658, 0.11825992794914537] Range: 6.51701488288
Center: [7.714652542548559, 3.699844031704618, 3.9997591771400747, 2.152685730409574] Range: 7.55776523786
Center: [5.200344240686952, 3.1329391387405554, 2.0671770229610242, 0.6895816825124834] Range: 7.29174706164


1 Feeds
143 [146, 150, 145]

Neural Network
Layer 0
PC 0: 3  0.25[1, 2, 1][0.19989267662739732, 0.028425792348463437, -0.16500517904337472]False
PC 1: 4  0.2[0, 1, 2, 3][-0.13131705615168837, -0.383596346474183, 0.3368095957729681, 0.66043395529205018]True
PC 2: 2  0.33[0, 2][0.057641722989710695, -0.0042489015554759103]True
PC 3: 4  0.2[0, 1, 2, 3][-0.13131705615168837, -0.383596346474183, 0.3368095957729681, 0.4719991310002738]False
PC 4: 2  0.33[0, 2][0.055332838330328413, 0.0061315576179362431]False
PC 5: 3  0.25[0, 1, 3][-0.084111187714402791, 0.45635857197200957, -0.85346257503694889]True
PC 6: 2  0.33[0, 2][0.057641722989710695, 0.074910578656419355]True
PC 7: 3  0.25[0, 1, 3][-0.059758973172431229, 0.31435547545490927, -0.68352926054304441]True
PC 8: 4  0.2[0, 1, 2, 3][-0.13131705615168837, -0.383596346474183, 0.3368095957729681, 0.2990186533470432]False
PC 9: 4  0.2[2, 1, 2, 3][0.040303253542373019, -0.025958872276006986, -0.0004308175130230874, 0.049514625912951242]True

Layer 1
PC 0: 2  0.33[0, 1][0.2222222222222222, 0.2222222222222222]True
PC 1: 2  0.33[2, 3][0.2222222222222222, 0.2222222222222222]True
PC 2: 2  0.33[4, 5][0.2222222222222222, 0.2222222222222222]True
PC 3: 2  0.33[4, 7][0.2222222222222222, 0.2222222222222222]True
PC 4: 2  0.33[6, 8][0.2222222222222222, 0.2222222222222222]True
PC 5: 1  0.5[9][1.0]True

Layer 2
PC 0: 1  0.5[5][1.0]True
PC 1: 2  0.33[2, 3][0.6666666666666666, 0.6666666666666666]True
PC 2: 3  0.25[0, 1, 4][0.125, 0.125, 0.125]True

Sights
Center: [5.008446596989734, 4.116336629651294, 3.976462892642658, 0.11825992794914537] Range: 6.51701488288
Center: [7.714652542548559, 3.699844031704618, 3.9997591771400747, 2.152685730409574] Range: 7.55776523786
Center: [5.200344240686952, 3.1329391387405554, 2.0671770229610242, 0.6895816825124834] Range: 7.29174706164


2 Feeds
143 [146, 150, 145]

Neural Network
Layer 0
PC 0: 3  0.25[1, 2, 1][0.19989267662739732, 0.028425792348463437, -0.16500517904337472]False
PC 1: 4  0.2[0, 1, 2, 3][-0.13131705615168837, -0.383596346474183, 0.3368095957729681, 0.66043395529205018]True
PC 2: 2  0.33[0, 2][0.057641722989710695, -0.0042489015554759103]True
PC 3: 4  0.2[0, 1, 2, 3][-0.13131705615168837, -0.383596346474183, 0.3368095957729681, 0.4719991310002738]False
PC 4: 2  0.33[0, 2][0.055332838330328413, 0.0061315576179362431]False
PC 5: 3  0.25[0, 1, 3][-0.084111187714402791, 0.45635857197200957, -0.85346257503694889]True
PC 6: 2  0.33[0, 2][0.057641722989710695, 0.074910578656419355]True
PC 7: 3  0.25[0, 1, 3][-0.059758973172431229, 0.31435547545490927, -0.68352926054304441]True
PC 8: 4  0.2[0, 1, 2, 3][-0.13131705615168837, -0.383596346474183, 0.3368095957729681, 0.2990186533470432]False
PC 9: 4  0.2[2, 1, 2, 3][0.040303253542373019, -0.025958872276006986, -0.0004308175130230874, 0.049514625912951242]True

Layer 1
PC 0: 2  0.33[0, 1][0.2222222222222222, 0.2222222222222222]True
PC 1: 2  0.33[2, 3][0.2222222222222222, 0.2222222222222222]True
PC 2: 2  0.33[4, 5][0.2222222222222222, 0.2222222222222222]True
PC 3: 2  0.33[4, 7][0.2222222222222222, 0.2222222222222222]True
PC 4: 2  0.33[6, 8][0.2222222222222222, 0.2222222222222222]True
PC 5: 1  0.5[9][1.0]True

Layer 2
PC 0: 1  0.5[5][1.0]True
PC 1: 2  0.33[2, 3][0.6666666666666666, 0.6666666666666666]True
PC 2: 3  0.25[0, 1, 4][0.125, 0.125, 0.125]True

Sights
Center: [5.008446596989734, 4.116336629651294, 3.976462892642658, 0.11825992794914537] Range: 6.51701488288
Center: [7.714652542548559, 3.699844031704618, 3.9997591771400747, 2.152685730409574] Range: 7.55776523786
Center: [5.200344240686952, 3.1329391387405554, 2.0671770229610242, 0.6895816825124834] Range: 7.29174706164


-1Feeds
143 [146, 150, 145]

Neural Network
Layer 0
PC 0: 3  0.25[1, 2, 1][0.19989267662739732, 0.028425792348463437, -0.16500517904337472]False
PC 1: 4  0.2[0, 1, 2, 3][-0.13131705615168837, -0.383596346474183, 0.3368095957729681, 0.66043395529205018]True
PC 2: 2  0.33[0, 2][0.057641722989710695, -0.0042489015554759103]True
PC 3: 4  0.2[0, 1, 2, 3][-0.13131705615168837, -0.383596346474183, 0.3368095957729681, 0.4719991310002738]False
PC 4: 2  0.33[0, 2][0.055332838330328413, 0.0061315576179362431]False
PC 5: 3  0.25[0, 1, 3][-0.084111187714402791, 0.45635857197200957, -0.85346257503694889]True
PC 6: 2  0.33[0, 2][0.057641722989710695, 0.074910578656419355]True
PC 7: 3  0.25[0, 1, 3][-0.059758973172431229, 0.31435547545490927, -0.68352926054304441]True
PC 8: 4  0.2[0, 1, 2, 3][-0.13131705615168837, -0.383596346474183, 0.3368095957729681, 0.2990186533470432]False
PC 9: 4  0.2[2, 1, 2, 3][0.040303253542373019, -0.025958872276006986, -0.0004308175130230874, 0.049514625912951242]True

Layer 1
PC 0: 2  0.33[0, 1][0.2222222222222222, 0.2222222222222222]True
PC 1: 2  0.33[2, 3][0.2222222222222222, 0.2222222222222222]True
PC 2: 2  0.33[4, 5][0.2222222222222222, 0.2222222222222222]True
PC 3: 2  0.33[4, 7][0.2222222222222222, 0.2222222222222222]True
PC 4: 2  0.33[6, 8][0.2222222222222222, 0.2222222222222222]True
PC 5: 1  0.5[9][1.0]True

Layer 2
PC 0: 1  0.5[5][1.0]True
PC 1: 2  0.33[2, 3][0.6666666666666666, 0.6666666666666666]True
PC 2: 3  0.25[0, 1, 4][0.125, 0.125, 0.125]True

Sights
Center: [5.008446596989734, 4.116336629651294, 3.976462892642658, 0.11825992794914537] Range: 6.51701488288
Center: [7.714652542548559, 3.699844031704618, 3.9997591771400747, 2.152685730409574] Range: 7.55776523786
Center: [5.200344240686952, 3.1329391387405554, 2.0671770229610242, 0.6895816825124834] Range: 7.29174706164


Feeds
143 [146, 150, 145]

Neural Network
Layer 0
PC 0: 3  0.25[1, 2, 1][0.19989267662739732, 0.028425792348463437, -0.16500517904337472]False
PC 1: 4  0.2[0, 1, 2, 3][-0.13131705615168837, -0.383596346474183, 0.3368095957729681, 0.66043395529205018]True
PC 2: 2  0.33[0, 2][0.057641722989710695, -0.0042489015554759103]True
PC 3: 4  0.2[0, 1, 2, 3][-0.13131705615168837, -0.383596346474183, 0.3368095957729681, 0.4719991310002738]False
PC 4: 2  0.33[0, 2][0.055332838330328413, 0.0061315576179362431]False
PC 5: 3  0.25[0, 1, 3][-0.084111187714402791, 0.45635857197200957, -0.85346257503694889]True
PC 6: 2  0.33[0, 2][0.057641722989710695, 0.074910578656419355]True
PC 7: 3  0.25[0, 1, 3][-0.059758973172431229, 0.31435547545490927, -0.68352926054304441]True
PC 8: 4  0.2[0, 1, 2, 3][-0.13131705615168837, -0.383596346474183, 0.3368095957729681, 0.2990186533470432]False
PC 9: 4  0.2[2, 1, 2, 3][0.040303253542373019, -0.025958872276006986, -0.0004308175130230874, 0.049514625912951242]True

Layer 1
PC 0: 2  0.33[0, 1][0.2222222222222222, 0.2222222222222222]True
PC 1: 2  0.33[2, 3][0.2222222222222222, 0.2222222222222222]True
PC 2: 2  0.33[4, 5][0.2222222222222222, 0.2222222222222222]True
PC 3: 2  0.33[4, 7][0.2222222222222222, 0.2222222222222222]True
PC 4: 2  0.33[6, 8][0.2222222222222222, 0.2222222222222222]True
PC 5: 1  0.5[9][1.0]True

Layer 2
PC 0: 1  0.5[5][1.0]True
PC 1: 2  0.33[2, 3][0.6666666666666666, 0.6666666666666666]True
PC 2: 3  0.25[0, 1, 4][0.125, 0.125, 0.125]True

Sights
Center: [5.008446596989734, 4.116336629651294, 3.976462892642658, 0.11825992794914537] Range: 6.51701488288
Center: [7.714652542548559, 3.699844031704618, 3.9997591771400747, 2.152685730409574] Range: 7.55776523786
Center: [5.200344240686952, 3.1329391387405554, 2.0671770229610242, 0.6895816825124834] Range: 7.29174706164


150
	 Total           0.95333 0.83684
	 Iris-virginica  0.97333 0.91633
	 Iris-setosa     1.00000 0.94716
	 Iris-versicolor 0.96667 0.88918
[[2, 3, 8], [2, 3, 9], [2, 8, 9], [3, 8, 9]] [True, True, True, True]
[[2, 3, 8], [2, 3, 9], [2, 8, 9], [3, 8, 9]] [True, True, True, True]
[[2, 3, 8], [2, 3, 9], [2, 8, 9], [3, 8, 9]] [True, True, True, True]
[[2, 3, 8], [2, 3, 9], [2, 8, 9], [3, 8, 9]] [True, True, True, True]

17 Pool size: 1006

[59, 27, 91]
1 0 177 [59, 27, 91]
1 1 164 [116, 0, 48]
1 2 154 [0, 62, 92]
1 3 153 [50, 103, 0]
1 4 152 [28, 39, 85]
[146, 150, 145]
3 0 441 [146, 150, 145]
3 1 441 [146, 150, 145]
3 2 441 [146, 150, 145]
3 3 441 [146, 150, 145]
3 4 441 [146, 150, 145]
[146, 150, 142]
4 0 438 [146, 150, 142]
4 1 438 [146, 150, 142]
4 2 438 [146, 150, 142]
4 3 434 [142, 150, 142]
4 4 422 [141, 139, 142]
-1 Feeds
143 [146, 150, 145]

Neural Network
Layer 0
PC 0: 3  0.25[1, 2, 1][0.19989267662739732, 0.028425792348463437, -0.16500517904337472]False
PC 1: 4  0.2[0, 1, 2, 3][-0.13131705615168837, -0.383596346474183, 0.3368095957729681, 0.66043395529205018]True
PC 2: 2  0.33[0, 2][0.057641722989710695, -0.0042489015554759103]True
PC 3: 4  0.2[0, 1, 2, 3][-0.13131705615168837, -0.383596346474183, 0.3368095957729681, 0.4719991310002738]False
PC 4: 2  0.33[0, 2][0.055332838330328413, 0.0061315576179362431]False
PC 5: 3  0.25[0, 1, 3][-0.084111187714402791, 0.45635857197200957, -0.85346257503694889]True
PC 6: 2  0.33[0, 2][0.057641722989710695, 0.074910578656419355]True
PC 7: 3  0.25[0, 1, 3][-0.059758973172431229, 0.31435547545490927, -0.68352926054304441]True
PC 8: 4  0.2[0, 1, 2, 3][-0.13131705615168837, -0.383596346474183, 0.3368095957729681, 0.2990186533470432]False
PC 9: 4  0.2[2, 1, 2, 3][0.040303253542373019, -0.025958872276006986, -0.0004308175130230874, 0.049514625912951242]True

Layer 1
PC 0: 2  0.33[0, 1][0.2222222222222222, 0.2222222222222222]True
PC 1: 2  0.33[2, 3][0.2222222222222222, 0.2222222222222222]True
PC 2: 2  0.33[4, 5][0.2222222222222222, 0.2222222222222222]True
PC 3: 2  0.33[4, 7][0.2222222222222222, 0.2222222222222222]True
PC 4: 2  0.33[6, 8][0.2222222222222222, 0.2222222222222222]True
PC 5: 1  0.5[9][1.0]True

Layer 2
PC 0: 1  0.5[5][1.0]True
PC 1: 2  0.33[2, 3][0.6666666666666666, 0.6666666666666666]True
PC 2: 3  0.25[0, 1, 4][0.125, 0.125, 0.125]True

Sights
Center: [5.008446596989734, 4.116336629651294, 3.976462892642658, 0.11825992794914537] Range: 6.51701488288
Center: [7.714652542548559, 3.699844031704618, 3.9997591771400747, 2.152685730409574] Range: 7.55776523786
Center: [5.200344240686952, 3.1329391387405554, 2.0671770229610242, 0.6895816825124834] Range: 7.29174706164


0 Feeds
143 [146, 150, 145]

Neural Network
Layer 0
PC 0: 3  0.25[1, 2, 1][0.19989267662739732, 0.028425792348463437, -0.16500517904337472]False
PC 1: 4  0.2[0, 1, 2, 3][-0.13131705615168837, -0.383596346474183, 0.3368095957729681, 0.66043395529205018]True
PC 2: 2  0.33[0, 2][0.057641722989710695, -0.0042489015554759103]True
PC 3: 4  0.2[0, 1, 2, 3][-0.13131705615168837, -0.383596346474183, 0.3368095957729681, 0.4719991310002738]False
PC 4: 2  0.33[0, 2][0.055332838330328413, 0.0061315576179362431]False
PC 5: 3  0.25[0, 1, 3][-0.084111187714402791, 0.45635857197200957, -0.85346257503694889]True
PC 6: 2  0.33[0, 2][0.057641722989710695, 0.074910578656419355]True
PC 7: 3  0.25[0, 1, 3][-0.059758973172431229, 0.31435547545490927, -0.68352926054304441]True
PC 8: 4  0.2[0, 1, 2, 3][-0.13131705615168837, -0.383596346474183, 0.3368095957729681, 0.2990186533470432]False
PC 9: 4  0.2[2, 1, 2, 3][0.040303253542373019, -0.025958872276006986, -0.0004308175130230874, 0.049514625912951242]True

Layer 1
PC 0: 2  0.33[0, 1][0.2222222222222222, 0.2222222222222222]True
PC 1: 2  0.33[2, 3][0.2222222222222222, 0.2222222222222222]True
PC 2: 2  0.33[4, 5][0.2222222222222222, 0.2222222222222222]True
PC 3: 2  0.33[4, 7][0.2222222222222222, 0.2222222222222222]True
PC 4: 2  0.33[6, 8][0.2222222222222222, 0.2222222222222222]True
PC 5: 1  0.5[9][1.0]True

Layer 2
PC 0: 1  0.5[5][1.0]True
PC 1: 2  0.33[2, 3][0.6666666666666666, 0.6666666666666666]True
PC 2: 3  0.25[0, 1, 4][0.125, 0.125, 0.125]True

Sights
Center: [5.008446596989734, 4.116336629651294, 3.976462892642658, 0.11825992794914537] Range: 6.51701488288
Center: [7.714652542548559, 3.699844031704618, 3.9997591771400747, 2.152685730409574] Range: 7.55776523786
Center: [5.200344240686952, 3.1329391387405554, 2.0671770229610242, 0.6895816825124834] Range: 7.29174706164


1 Feeds
143 [146, 150, 145]

Neural Network
Layer 0
PC 0: 3  0.25[1, 2, 1][0.19989267662739732, 0.028425792348463437, -0.16500517904337472]False
PC 1: 4  0.2[0, 1, 2, 3][-0.13131705615168837, -0.383596346474183, 0.3368095957729681, 0.66043395529205018]True
PC 2: 2  0.33[0, 2][0.057641722989710695, -0.0042489015554759103]True
PC 3: 4  0.2[0, 1, 2, 3][-0.13131705615168837, -0.383596346474183, 0.3368095957729681, 0.4719991310002738]False
PC 4: 2  0.33[0, 2][0.055332838330328413, 0.0061315576179362431]False
PC 5: 3  0.25[0, 1, 3][-0.084111187714402791, 0.45635857197200957, -0.85346257503694889]True
PC 6: 2  0.33[0, 2][0.057641722989710695, 0.074910578656419355]True
PC 7: 3  0.25[0, 1, 3][-0.059758973172431229, 0.31435547545490927, -0.68352926054304441]True
PC 8: 4  0.2[0, 1, 2, 3][-0.13131705615168837, -0.383596346474183, 0.3368095957729681, 0.2990186533470432]False
PC 9: 4  0.2[2, 1, 2, 3][0.040303253542373019, -0.025958872276006986, -0.0004308175130230874, 0.049514625912951242]True

Layer 1
PC 0: 2  0.33[0, 1][0.2222222222222222, 0.2222222222222222]True
PC 1: 2  0.33[2, 3][0.2222222222222222, 0.2222222222222222]True
PC 2: 2  0.33[4, 5][0.2222222222222222, 0.2222222222222222]True
PC 3: 2  0.33[4, 7][0.2222222222222222, 0.2222222222222222]True
PC 4: 2  0.33[6, 8][0.2222222222222222, 0.2222222222222222]True
PC 5: 1  0.5[9][1.0]True

Layer 2
PC 0: 1  0.5[5][1.0]True
PC 1: 2  0.33[2, 3][0.6666666666666666, 0.6666666666666666]True
PC 2: 3  0.25[0, 1, 4][0.125, 0.125, 0.125]True

Sights
Center: [5.008446596989734, 4.116336629651294, 3.976462892642658, 0.11825992794914537] Range: 6.51701488288
Center: [7.714652542548559, 3.699844031704618, 3.9997591771400747, 2.152685730409574] Range: 7.55776523786
Center: [5.200344240686952, 3.1329391387405554, 2.0671770229610242, 0.6895816825124834] Range: 7.29174706164


2 Feeds
143 [146, 150, 145]

Neural Network
Layer 0
PC 0: 3  0.25[1, 2, 1][0.19989267662739732, 0.028425792348463437, -0.16500517904337472]False
PC 1: 4  0.2[0, 1, 2, 3][-0.13131705615168837, -0.383596346474183, 0.3368095957729681, 0.66043395529205018]True
PC 2: 2  0.33[0, 2][0.057641722989710695, -0.0042489015554759103]True
PC 3: 4  0.2[0, 1, 2, 3][-0.13131705615168837, -0.383596346474183, 0.3368095957729681, 0.4719991310002738]False
PC 4: 2  0.33[0, 2][0.055332838330328413, 0.0061315576179362431]False
PC 5: 3  0.25[0, 1, 3][-0.084111187714402791, 0.45635857197200957, -0.85346257503694889]True
PC 6: 2  0.33[0, 2][0.057641722989710695, 0.074910578656419355]True
PC 7: 3  0.25[0, 1, 3][-0.059758973172431229, 0.31435547545490927, -0.68352926054304441]True
PC 8: 4  0.2[0, 1, 2, 3][-0.13131705615168837, -0.383596346474183, 0.3368095957729681, 0.2990186533470432]False
PC 9: 4  0.2[2, 1, 2, 3][0.040303253542373019, -0.025958872276006986, -0.0004308175130230874, 0.049514625912951242]True

Layer 1
PC 0: 2  0.33[0, 1][0.2222222222222222, 0.2222222222222222]True
PC 1: 2  0.33[2, 3][0.2222222222222222, 0.2222222222222222]True
PC 2: 2  0.33[4, 5][0.2222222222222222, 0.2222222222222222]True
PC 3: 2  0.33[4, 7][0.2222222222222222, 0.2222222222222222]True
PC 4: 2  0.33[6, 8][0.2222222222222222, 0.2222222222222222]True
PC 5: 1  0.5[9][1.0]True

Layer 2
PC 0: 1  0.5[5][1.0]True
PC 1: 2  0.33[2, 3][0.6666666666666666, 0.6666666666666666]True
PC 2: 3  0.25[0, 1, 4][0.125, 0.125, 0.125]True

Sights
Center: [5.008446596989734, 4.116336629651294, 3.976462892642658, 0.11825992794914537] Range: 6.51701488288
Center: [7.714652542548559, 3.699844031704618, 3.9997591771400747, 2.152685730409574] Range: 7.55776523786
Center: [5.200344240686952, 3.1329391387405554, 2.0671770229610242, 0.6895816825124834] Range: 7.29174706164


-1Feeds
143 [146, 150, 145]

Neural Network
Layer 0
PC 0: 3  0.25[1, 2, 1][0.19989267662739732, 0.028425792348463437, -0.16500517904337472]False
PC 1: 4  0.2[0, 1, 2, 3][-0.13131705615168837, -0.383596346474183, 0.3368095957729681, 0.66043395529205018]True
PC 2: 2  0.33[0, 2][0.057641722989710695, -0.0042489015554759103]True
PC 3: 4  0.2[0, 1, 2, 3][-0.13131705615168837, -0.383596346474183, 0.3368095957729681, 0.4719991310002738]False
PC 4: 2  0.33[0, 2][0.055332838330328413, 0.0061315576179362431]False
PC 5: 3  0.25[0, 1, 3][-0.084111187714402791, 0.45635857197200957, -0.85346257503694889]True
PC 6: 2  0.33[0, 2][0.057641722989710695, 0.074910578656419355]True
PC 7: 3  0.25[0, 1, 3][-0.059758973172431229, 0.31435547545490927, -0.68352926054304441]True
PC 8: 4  0.2[0, 1, 2, 3][-0.13131705615168837, -0.383596346474183, 0.3368095957729681, 0.2990186533470432]False
PC 9: 4  0.2[2, 1, 2, 3][0.040303253542373019, -0.025958872276006986, -0.0004308175130230874, 0.049514625912951242]True

Layer 1
PC 0: 2  0.33[0, 1][0.2222222222222222, 0.2222222222222222]True
PC 1: 2  0.33[2, 3][0.2222222222222222, 0.2222222222222222]True
PC 2: 2  0.33[4, 5][0.2222222222222222, 0.2222222222222222]True
PC 3: 2  0.33[4, 7][0.2222222222222222, 0.2222222222222222]True
PC 4: 2  0.33[6, 8][0.2222222222222222, 0.2222222222222222]True
PC 5: 1  0.5[9][1.0]True

Layer 2
PC 0: 1  0.5[5][1.0]True
PC 1: 2  0.33[2, 3][0.6666666666666666, 0.6666666666666666]True
PC 2: 3  0.25[0, 1, 4][0.125, 0.125, 0.125]True

Sights
Center: [5.008446596989734, 4.116336629651294, 3.976462892642658, 0.11825992794914537] Range: 6.51701488288
Center: [7.714652542548559, 3.699844031704618, 3.9997591771400747, 2.152685730409574] Range: 7.55776523786
Center: [5.200344240686952, 3.1329391387405554, 2.0671770229610242, 0.6895816825124834] Range: 7.29174706164


Feeds
143 [146, 150, 145]

Neural Network
Layer 0
PC 0: 3  0.25[1, 2, 1][0.19989267662739732, 0.028425792348463437, -0.16500517904337472]False
PC 1: 4  0.2[0, 1, 2, 3][-0.13131705615168837, -0.383596346474183, 0.3368095957729681, 0.66043395529205018]True
PC 2: 2  0.33[0, 2][0.057641722989710695, -0.0042489015554759103]True
PC 3: 4  0.2[0, 1, 2, 3][-0.13131705615168837, -0.383596346474183, 0.3368095957729681, 0.4719991310002738]False
PC 4: 2  0.33[0, 2][0.055332838330328413, 0.0061315576179362431]False
PC 5: 3  0.25[0, 1, 3][-0.084111187714402791, 0.45635857197200957, -0.85346257503694889]True
PC 6: 2  0.33[0, 2][0.057641722989710695, 0.074910578656419355]True
PC 7: 3  0.25[0, 1, 3][-0.059758973172431229, 0.31435547545490927, -0.68352926054304441]True
PC 8: 4  0.2[0, 1, 2, 3][-0.13131705615168837, -0.383596346474183, 0.3368095957729681, 0.2990186533470432]False
PC 9: 4  0.2[2, 1, 2, 3][0.040303253542373019, -0.025958872276006986, -0.0004308175130230874, 0.049514625912951242]True

Layer 1
PC 0: 2  0.33[0, 1][0.2222222222222222, 0.2222222222222222]True
PC 1: 2  0.33[2, 3][0.2222222222222222, 0.2222222222222222]True
PC 2: 2  0.33[4, 5][0.2222222222222222, 0.2222222222222222]True
PC 3: 2  0.33[4, 7][0.2222222222222222, 0.2222222222222222]True
PC 4: 2  0.33[6, 8][0.2222222222222222, 0.2222222222222222]True
PC 5: 1  0.5[9][1.0]True

Layer 2
PC 0: 1  0.5[5][1.0]True
PC 1: 2  0.33[2, 3][0.6666666666666666, 0.6666666666666666]True
PC 2: 3  0.25[0, 1, 4][0.125, 0.125, 0.125]True

Sights
Center: [5.008446596989734, 4.116336629651294, 3.976462892642658, 0.11825992794914537] Range: 6.51701488288
Center: [7.714652542548559, 3.699844031704618, 3.9997591771400747, 2.152685730409574] Range: 7.55776523786
Center: [5.200344240686952, 3.1329391387405554, 2.0671770229610242, 0.6895816825124834] Range: 7.29174706164


150
	 Total           0.95333 0.83180
	 Iris-virginica  0.97333 0.91475
	 Iris-setosa     1.00000 0.94186
	 Iris-versicolor 0.96667 0.89293
[[0, 1, 6], [0, 1, 7], [0, 6, 7], [1, 6, 7]] [True, True, True, True]
[[0, 1, 6], [0, 1, 7], [0, 6, 7], [1, 6, 7]] [True, True, True, True]
[[0, 1, 6], [0, 1, 7], [0, 6, 7], [1, 6, 7]] [True, True, True, True]
[[0, 1, 6], [0, 1, 7], [0, 6, 7], [1, 6, 7]] [True, True, True, True]
[[2, 3, 8], [2, 3, 9], [2, 8, 9], [3, 8, 9]] [True, True, True, True]
[[2, 3, 8], [2, 3, 9], [2, 8, 9], [3, 8, 9]] [True, True, True, True]
[[2, 3, 8], [2, 3, 9], [2, 8, 9], [3, 8, 9]] [True, True, True, True]
[[2, 3, 8], [2, 3, 9], [2, 8, 9], [3, 8, 9]] [True, True, True, True]

18 Pool size: 1009

Traceback (most recent call last):
  File "D:\git\PyLEANN\Main.py", line 17, in <module>
    gp.doGame()
  File "D:\git\PyLEANN\GenePool.py", line 33, in doGame
    cell.solveProblem(prb)
  File "D:\git\PyLEANN\Cell.py", line 73, in solveProblem
    answer = self.calculate(prb[0])
  File "D:\git\PyLEANN\NeuralNetwork.py", line 196, in calculate
    outputData.append(self.layer[i][j].calculate(inputData))
  File "D:\git\PyLEANN\Perceptron.py", line 108, in calculate
    print range(self.weights)-1, i, range(dataX), self.indexes[i]
TypeError: range() integer end argument expected, got list.
