0 layer
0 0 3  0.25[0, 2, 3][0.023553723591619127, 0.027586183631931941, 0.019661126939591888]True
0 1 4  0.2[0, 1, 2, 3][-0.0086570024384437991, -0.017758833915431441, 0.013997933724306084, 0.13075852943714963]False
0 2 4  0.2[0, 1, 2, 3][0.11511591312494923, -0.15667771357006871, -0.066429110782470713, 0.26407713123963539]True
0 3 3  0.25[0, 1, 3][0.02019596199273329, 0.029528138975919431, 0.035046792795071301]False
0 4 2  0.33[2, 0][0.10422970586494756, -0.028148510964678238]True
0 5 4  0.2[0, 0, 2, 3][0.11511591312494923, -0.15667771357006871, -0.066429110782470713, 0.26407713123963539]False
0 6 3  0.25[1, 2, 3][0.10634820193535473, -0.0086735905742289197, 0.0099933879109187201]False
0 7 4  0.2[0, 1, 2, 3][0.11511591312494923, -0.15667771357006871, -0.066429110782470713, 0.26407713123963539]False
layer end
1 layer
1 0 1  0.5[6][1.0]True
1 1 2  0.33[0, 1][0.2222222222222222, 0.2222222222222222]True
1 2 2  0.33[2, 3][0.2222222222222222, 0.2222222222222222]True
1 3 1  0.5[4][1.0]True
1 4 1  0.33[4][1.3333333333333333]True
1 5 3  0.2[3, 5, 7][0.8, 0.4, 0.4]True
1 6 3  0.25[0, 1, 6][0.125, 0.125, 0.125]True
layer end
2 layer
2 0 2  0.33[3, 4][0.3333333333333333, 0.3333333333333333]True
2 1 2  0.33[2, 5][0.6666666666666666, 0.6666666666666666]True
2 2 3  0.25[0, 1, 6][0.125, 0.125, 0.125]True
layer end


layer: 1, unique: [[0, 6], [1, 6], [3, 4]]
layer: 1, NotUni: [[0, 6], [1, 6], [3, 4]]
layer: 1, Delete: [6, 1, 4]
0 layer
0 0 3  0.25[0, 2, 3][0.023553723591619127, 0.027586183631931941, 0.019661126939591888]True
0 1 4  0.2[0, 1, 2, 3][-0.0086570024384437991, -0.017758833915431441, 0.013997933724306084, 0.13075852943714963]False
0 2 4  0.2[0, 1, 2, 3][0.11511591312494923, -0.15667771357006871, -0.066429110782470713, 0.26407713123963539]True
0 3 3  0.25[0, 1, 3][0.02019596199273329, 0.029528138975919431, 0.035046792795071301]False
0 4 2  0.33[2, 0][0.10422970586494756, -0.028148510964678238]True
0 5 4  0.2[0, 0, 2, 3][0.11511591312494923, -0.15667771357006871, -0.066429110782470713, 0.26407713123963539]False
0 6 3  0.25[1, 2, 3][0.10634820193535473, -0.0086735905742289197, 0.0099933879109187201]False
0 7 4  0.2[0, 1, 2, 3][0.11511591312494923, -0.15667771357006871, -0.066429110782470713, 0.26407713123963539]False
layer end
1 layer
1 0 1  0.5[6][1.0]True
1 1 2  0.33[2, 3][0.2222222222222222, 0.2222222222222222]True
1 2 1  0.5[4][1.0]True
1 3 3  0.2[3, 5, 7][0.8, 0.4, 0.4]True
layer end
2 layer
2 0 1  0.33[2][0.6666666666666666]True
2 1 2  0.33[1, 3][0.6666666666666666, 0.6666666666666666]True
2 2 2  0.25[0, 4][0.25, 0.125]True
layer end


ERROR: Out of Index in MICRO UNIQUE
0 layer
0 0 3  0.25[0, 2, 3][0.023553723591619127, 0.027586183631931941, 0.019661126939591888]True
0 1 4  0.2[0, 1, 2, 3][-0.0086570024384437991, -0.017758833915431441, 0.013997933724306084, 0.13075852943714963]False
0 2 4  0.2[0, 1, 2, 3][0.11511591312494923, -0.15667771357006871, -0.066429110782470713, 0.26407713123963539]True
0 3 3  0.25[0, 1, 3][0.02019596199273329, 0.029528138975919431, 0.035046792795071301]False
0 4 2  0.33[2, 0][0.10422970586494756, -0.028148510964678238]True
0 5 4  0.2[0, 0, 2, 3][0.11511591312494923, -0.15667771357006871, -0.066429110782470713, 0.26407713123963539]False
0 6 3  0.25[1, 2, 3][0.10634820193535473, -0.0086735905742289197, 0.0099933879109187201]False
0 7 4  0.2[0, 1, 2, 3][0.11511591312494923, -0.15667771357006871, -0.066429110782470713, 0.26407713123963539]False
layer end
1 layer
1 0 1  0.5[6][1.0]True
1 1 2  0.33[2, 3][0.2222222222222222, 0.2222222222222222]True
1 2 1  0.5[4][1.0]True
1 3 3  0.2[3, 5, 7][0.8, 0.4, 0.4]True
layer end
2 layer
2 0 1  0.33[2][0.6666666666666666]True
2 1 2  0.33[1, 3][0.6666666666666666, 0.6666666666666666]True
2 2 2  0.25[0, 4][0.25, 0.125]True
layer end


