0 layer
0 0 2  0.33[2, 3][0.044543970046243116, 0.067456425712582577]True
0 1 4  0.2[3, 1, 2, 3][-0.0063787646484818388, 0.028707064289501955, 0.02490120727912868, 0.070113444501161679]True
0 2 4  0.2[0, 1, 2, 3][0.056304784455049266, -0.029348492731808038, 0.05510728313613128, -0.04008305340331432]False
0 3 4  0.2[0, 1, 3, 3][-0.011245793999401885, 0.05108027191241097, 0.010580874281350407, 0.041291086128264883]True
0 4 4  0.2[0, 1, 2, 3][0.056304784455049266, -0.029348492731808038, 0.013334263333903348, -0.04008305340331432]False
0 5 4  0.2[0, 1, 1, 3][0.21329152816507163, -0.18223603391584325, -0.27158064413071825, 0.31802813713339484]True
0 6 3  0.25[0, 2, 3][0.035322005175140815, 0.014020969179838704, -0.027660252888173684]True
0 7 3  0.25[0, 2, 3][0.12186435117598145, -0.047807020762370013, -0.39183944465777687]True
layer end
1 layer
1 0 1  0.5[0][1.0]True
1 1 2  0.33[2, 7][0.6666666666666666, 0.6666666666666666]True
1 2 1  0.5[1][1.0]True
1 3 1  0.33[5][0.4444444444444444]True
1 4 2  0.33[3, 6][0.2222222222222222, 0.2222222222222222]True
1 5 2  0.33[4, 7][0.6666666666666666, 0.6666666666666666]True
1 6 2  0.33[1, 5][0.6666666666666666, 0.6666666666666666]True
layer end
2 layer
2 0 2  0.33[0, 4][0.6666666666666666, 0.6666666666666666]True
2 1 2  0.33[1, 5][0.3333333333333333, 0.3333333333333333]True
2 2 3  0.25[2, 3, 6][0.125, 0.125, 0.125]True
layer end


layer: 1, unique: [[2, 6], [3, 6]]
layer: 1, NotUni: [[2, 6], [3, 6]]
layer: 1, Delete: [6, 3]
0 layer
0 0 2  0.33[2, 3][0.044543970046243116, 0.067456425712582577]True
0 1 4  0.2[3, 1, 2, 3][-0.0063787646484818388, 0.028707064289501955, 0.02490120727912868, 0.070113444501161679]True
0 2 4  0.2[0, 1, 2, 3][0.056304784455049266, -0.029348492731808038, 0.05510728313613128, -0.04008305340331432]False
0 3 4  0.2[0, 1, 3, 3][-0.011245793999401885, 0.05108027191241097, 0.010580874281350407, 0.041291086128264883]True
0 4 4  0.2[0, 1, 2, 3][0.056304784455049266, -0.029348492731808038, 0.013334263333903348, -0.04008305340331432]False
0 5 4  0.2[0, 1, 1, 3][0.21329152816507163, -0.18223603391584325, -0.27158064413071825, 0.31802813713339484]True
0 6 3  0.25[0, 2, 3][0.035322005175140815, 0.014020969179838704, -0.027660252888173684]True
0 7 3  0.25[0, 2, 3][0.12186435117598145, -0.047807020762370013, -0.39183944465777687]True
layer end
1 layer
1 0 1  0.5[0][1.0]True
1 1 2  0.33[2, 7][0.6666666666666666, 0.6666666666666666]True
1 2 1  0.5[1][1.0]True
1 3 2  0.33[3, 6][0.2222222222222222, 0.2222222222222222]True
1 4 2  0.33[4, 7][0.6666666666666666, 0.6666666666666666]True
layer end
2 layer
2 0 2  0.33[0, 3][0.6666666666666666, 0.6666666666666666]True
2 1 2  0.33[1, 4][0.3333333333333333, 0.3333333333333333]True
2 2 2  0.25[2, 5][0.25, 0.125]True
layer end