0 layer
0 0 4  0.2[0, 1, 2, 3][0.11012062964669929, -0.057665407514847181, 0.018936475475207805, -0.041638193103346086]True
0 1 2  0.33[2, 3][0.26014418139543688, -0.38896894062853221]False
0 2 4  0.2[0, 1, 2, 3][0.020922271666586247, 0.0049569914175160747, 0.019665184661643961, -0.020298547748300508]True
0 3 4  0.2[0, 1, 2, 3][0.16196043758724896, -0.078443407546927246, -0.11170163256465822, 0.055992789854410079]False
0 4 4  0.2[0, 1, 2, 3][0.11012062964669929, -0.15859448638916071, 0.018936475475207805, -0.041638193103346086]True
0 5 3  0.25[1, 2, 3][-0.026341442912928247, 0.012493501156980049, 0.16651644702085575]True
0 6 2  0.33[1, 3][0.1021913903561794, -0.045994980911461501]True
0 7 4  0.2[0, 1, 2, 3][0.0090235015419883845, 0.018421168315690125, 0.0064454361053512734, 0.039161164677132605]False
layer end
1 layer
1 0 2  0.33[0, 5][0.2222222222222222, 0.2222222222222222]True
1 1 2  0.33[2, 3][0.2222222222222222, 0.2222222222222222]True
1 2 1  0.5[1][1.0]True
1 3 2  0.33[6, 7][0.6666666666666666, 0.6666666666666666]True
1 4 2  0.33[4, 5][0.2222222222222222, 0.2222222222222222]True
1 5 3  0.25[1, 6, 7][0.125, 0.125, 0.125]True
1 6 2  0.33[2, 3][0.2222222222222222, 0.2222222222222222]True
layer end
2 layer
2 0 2  0.33[0, 4][0.3333333333333333, 0.3333333333333333]True
2 1 3  0.25[2, 3, 5][0.125, 0.125, 0.125]True
2 2 2  0.33[1, 6][0.3333333333333333, 0.3333333333333333]True
layer end


layer: 1, unique: [[1, 6], [2, 5], [3, 5]]
layer: 1, NotUni: [[1, 6], [2, 5], [3, 5]]
layer: 1, Delete: [6, 5, 3]
0 layer
0 0 4  0.2[0, 1, 2, 3][0.11012062964669929, -0.057665407514847181, 0.018936475475207805, -0.041638193103346086]True
0 1 2  0.33[2, 3][0.26014418139543688, -0.38896894062853221]False
0 2 4  0.2[0, 1, 2, 3][0.020922271666586247, 0.0049569914175160747, 0.019665184661643961, -0.020298547748300508]True
0 3 4  0.2[0, 1, 2, 3][0.16196043758724896, -0.078443407546927246, -0.11170163256465822, 0.055992789854410079]False
0 4 4  0.2[0, 1, 2, 3][0.11012062964669929, -0.15859448638916071, 0.018936475475207805, -0.041638193103346086]True
0 5 3  0.25[1, 2, 3][-0.026341442912928247, 0.012493501156980049, 0.16651644702085575]True
0 6 2  0.33[1, 3][0.1021913903561794, -0.045994980911461501]True
0 7 4  0.2[0, 1, 2, 3][0.0090235015419883845, 0.018421168315690125, 0.0064454361053512734, 0.039161164677132605]False
layer end
1 layer
1 0 2  0.33[0, 5][0.2222222222222222, 0.2222222222222222]True
1 1 2  0.33[2, 3][0.2222222222222222, 0.2222222222222222]True
1 2 1  0.5[1][1.0]True
1 3 2  0.33[4, 5][0.2222222222222222, 0.2222222222222222]True
layer end
2 layer
2 0 2  0.33[0, 3][0.3333333333333333, 0.3333333333333333]True
2 1 2  0.25[2, 4][0.25, 0.125]True
2 2 1  0.33[1][0.6666666666666666]True
layer end


ERROR: Out of Index in MICRO UNIQUE
0 layer
0 0 4  0.2[0, 1, 2, 3][0.11012062964669929, -0.057665407514847181, 0.018936475475207805, -0.041638193103346086]True
0 1 2  0.33[2, 3][0.26014418139543688, -0.38896894062853221]False
0 2 4  0.2[0, 1, 2, 3][0.020922271666586247, 0.0049569914175160747, 0.019665184661643961, -0.020298547748300508]True
0 3 4  0.2[0, 1, 2, 3][0.16196043758724896, -0.078443407546927246, -0.11170163256465822, 0.055992789854410079]False
0 4 4  0.2[0, 1, 2, 3][0.11012062964669929, -0.15859448638916071, 0.018936475475207805, -0.041638193103346086]True
0 5 3  0.25[1, 2, 3][-0.026341442912928247, 0.012493501156980049, 0.16651644702085575]True
0 6 2  0.33[1, 3][0.1021913903561794, -0.045994980911461501]True
0 7 4  0.2[0, 1, 2, 3][0.0090235015419883845, 0.018421168315690125, 0.0064454361053512734, 0.039161164677132605]False
layer end
1 layer
1 0 2  0.33[0, 5][0.2222222222222222, 0.2222222222222222]True
1 1 2  0.33[2, 3][0.2222222222222222, 0.2222222222222222]True
1 2 1  0.5[1][1.0]True
1 3 2  0.33[4, 5][0.2222222222222222, 0.2222222222222222]True
layer end
2 layer
2 0 2  0.33[0, 3][0.3333333333333333, 0.3333333333333333]True
2 1 2  0.25[2, 4][0.25, 0.125]True
2 2 1  0.33[1][0.6666666666666666]True
layer end
